gender id vowel F1 F2 F3 Dur
m 01 ae 663 2012 2659 323
m 02 ae 628 1871 2477 250
m 03 ae 605 1812 2570 344
m 04 ae 627 1910 2488 312
m 06 ae 647 1864 2561 254
m 07 ae 582 1999 2567 254
m 08 ae 602 1880 2539 289
m 09 ae 545 1872 2630 339
m 10 ae 552 2027 2737 282
m 11 ae 629 1871 2574 319
m 13 ae 685 1807 2611 279
m 14 ae 559 1983 2560 272
m 16 ae 544 1819 2511 212
m 17 ae 685 1592 2308 257
m 18 ae 514 2031 2815 264
m 19 ae 612 1937 2605 244
m 20 ae 544 2114 2971 286
m 21 ae 556 1854 2679 252
m 22 ae 619 2023 2716 249
m 23 ae 601 1997 2499 274
m 24 ae 572 2072 2648 270
m 25 ae 546 1820 2548 301
m 26 ae 562 1895 2513 259
m 27 ae 594 2000 2550 257
m 28 ae 662 1934 2649 212
m 29 ae 566 2041 2500 241
m 30 ae 559 1873 2509 302
m 31 ae 579 1982 2639 208
m 32 ae 623 1937 2526 208
m 33 ae 555 1996 2609 328
m 34 ae 555 1849 2502 267
m 35 ae 634 1730 2456 326
m 36 ae 570 1856 2630 270
m 37 ae 614 1768 2393 207
m 38 ae 553 2140 2327 213
m 39 ae 605 2002 2666 311
m 40 ae 597 1989 2677 273
m 41 ae 561 1772 2597 230
m 42 ae 615 1885 2709 334
m 44 ae 577 1952 2588 276
m 45 ae 629 2436 3022 283
m 47 ae 511 1811 2529 292
m 48 ae 590 1830 2512 245
m 49 ae 622 1957 2841 266
m 50 ae 565 2055 2575 289
w 01 ae 678 2293 2861 305
w 02 ae 624 2442 3091 486
w 03 ae 666 2370 2814 293
w 04 ae 743 2230 3055 353
w 05 ae 677 2320 2987 338
w 06 ae 627 2266 2875 362
w 07 ae 690 2327 2771 313
w 08 ae 658 2650 3471 284
w 09 ae 685 2299 2930 253
w 10 ae 621 2249 2873 356
w 11 ae 868 2004 2797 385
w 12 ae 682 2486 3207 355
w 13 ae 668 2252 2790 315
w 14 ae 726 2350 2996 272
w 15 ae 620 2316 2849 400
w 16 ae 634 2596 3255 356
w 17 ae 672 2145 2764 323
w 19 ae 698 2339 3075 363
w 20 ae 586 2299 2748 307
w 21 ae 616 2156 2865 382
w 22 ae 576 2429 3101 338
w 23 ae 674 2256 2818 365
w 24 ae 738 2378 3305 331
w 25 ae 646 2406 3283 461
w 26 ae 746 1944 2927 346
w 27 ae 734 2518 3176 272
w 28 ae 662 2276 2955 260
w 29 ae 696 2447 3122 333
w 30 ae 687 2378 2913 310
w 31 ae 645 2154 3139 364
w 32 ae 626 2374 2836 239
w 33 ae 689 2701 3490 261
w 34 ae 557 2586 3202 277
w 35 ae 668 2296 2711 328
w 36 ae 746 2371 2984 413
w 37 ae 893 2070 3024 405
w 38 ae 665 2408 3034 294
w 39 ae 564 2442 NaN 365
w 40 ae 714 2254 2625 301
w 41 ae 625 2594 3146 301
w 42 ae 552 2227 2978 312
w 44 ae 685 2205 2813 353
w 45 ae 657 2192 2654 333
w 46 ae 649 2508 3050 365
w 47 ae 817 2102 2711 327
w 48 ae 626 2331 2826 310
w 49 ae 706 2400 2923 319
w 50 ae 751 2432 2896 357
b 01 ae 630 2423 3166 257
b 02 ae 829 2495 3218 359
b 03 ae 631 2801 3508 335
b 04 ae 712 2608 3247 398
b 05 ae 748 2589 3042 267
b 07 ae 769 2203 3126 323
b 08 ae 870 2281 3077 316
b 09 ae 709 2565 3526 245
b 10 ae 634 2555 3121 396
b 11 ae 630 2509 3112 298
b 12 ae 736 2505 3332 415
b 13 ae 634 2535 3260 281
b 14 ae 697 2418 3371 314
b 15 ae 607 2620 3350 382
b 16 ae 753 2227 3064 367
b 17 ae 726 2231 2932 352
b 18 ae 741 2444 3043 307
b 19 ae 674 2663 3243 312
b 21 ae 769 2234 2910 352
b 22 ae 678 2524 3418 256
b 23 ae 809 2592 3331 346
b 24 ae 545 2690 NaN 216
b 25 ae 669 2440 NaN 284
b 26 ae 643 2434 3326 451
b 27 ae 634 2410 3303 243
b 28 ae 676 2253 3121 284
b 29 ae 860 2503 3002 291
g 01 ae 741 2433 3341 295
g 02 ae 729 2878 3792 283
g 04 ae 932 2523 3644 385
g 05 ae 682 2638 3510 456
g 06 ae 799 2397 3125 292
g 07 ae 722 2418 3017 341
g 08 ae 695 2704 3731 384
g 09 ae 758 2373 3327 382
g 10 ae 946 2540 3229 311
g 11 ae 648 2334 2834 353
g 12 ae 730 2668 3564 322
g 13 ae 752 2501 NaN 301
g 14 ae 717 2313 3150 306
g 15 ae 888 2605 3651 354
g 17 ae 727 2394 3320 308
g 18 ae 591 2632 NaN 317
g 19 ae 747 2703 3829 238
g 20 ae 672 2484 3492 290
g 21 ae 555 2569 3424 250
m 01 ah 813 1283 2687 316
m 02 ah 749 1060 2842 249
m 03 ah 755 1133 2695 373
m 04 ah 832 1222 2624 302
m 06 ah 871 1204 2595 230
m 07 ah 786 1341 2403 265
m 08 ah 748 1293 2446 302
m 09 ah 738 1394 2522 330
m 10 ah 763 1147 2840 271
m 11 ah 829 1444 2241 321
m 13 ah 825 1429 2701 256
m 14 ah 737 1298 2323 278
m 16 ah 679 1208 2630 192
m 17 ah 689 1064 2303 243
m 18 ah 702 1364 2498 342
m 19 ah 811 1355 2599 269
m 20 ah 744 1489 2586 272
m 21 ah 758 1363 2421 206
m 22 ah 784 1345 2522 287
m 23 ah 802 1297 2765 278
m 24 ah 803 1234 2430 258
m 25 ah 683 1238 2428 256
m 26 ah 697 1370 2597 271
m 27 ah 743 1423 2494 212
m 28 ah 710 1084 2753 154
m 29 ah 825 1438 2434 220
m 30 ah 673 1301 2433 290
m 31 ah 707 1421 2403 184
m 32 ah 697 1293 2461 216
m 33 ah 816 1361 2493 272
m 34 ah 722 1411 2264 250
m 35 ah 748 1274 2406 269
m 36 ah 744 1388 2541 252
m 37 ah 700 1295 2310 219
m 38 ah 705 1323 2643 192
m 39 ah 963 1524 2552 287
m 40 ah 711 1428 2413 254
m 41 ah 712 1325 2624 213
m 42 ah 821 1283 2498 292
m 44 ah 822 1315 2708 286
m 45 ah 753 1200 2677 285
m 47 ah 662 1183 2374 301
m 48 ah 682 1259 2618 207
m 49 ah 818 1315 2697 270
m 50 ah 710 1483 2575 250
w 01 ah 1012 1603 2767 265
w 02 ah 883 1682 2962 443
w 03 ah 1025 1548 2748 257
w 04 ah 804 1484 2789 350
w 05 ah 935 1377 2598 365
w 06 ah 804 1363 2803 329
w 07 ah 939 1233 2564 306
w 08 ah 827 1701 3056 317
w 09 ah 913 1436 2589 282
w 10 ah 856 1540 2667 367
w 11 ah 882 1380 2834 380
w 12 ah 887 1743 2557 343
w 13 ah 869 1495 2731 329
w 14 ah 994 1609 2930 275
w 15 ah 955 1615 2678 340
w 16 ah 1085 1687 2870 305
w 17 ah 937 1623 2844 267
w 19 ah 918 1640 2801 316
w 20 ah 818 1351 2933 365
w 21 ah 769 1451 2898 402
w 22 ah 1008 1495 3018 350
w 23 ah 905 1514 2848 329
w 24 ah 1063 1680 2785 303
w 25 ah 1053 1677 2868 430
w 26 ah 798 1351 2851 333
w 27 ah 869 1751 2762 284
w 28 ah 863 1538 3038 217
w 29 ah 938 1462 2825 303
w 30 ah 957 1591 2733 293
w 31 ah 827 1543 2980 315
w 32 ah 708 1547 2426 240
w 33 ah 1163 1685 3250 283
w 34 ah 1011 1541 2803 247
w 35 ah 1035 1486 2865 310
w 36 ah 952 1676 2862 455
w 37 ah 810 1314 3236 419
w 38 ah 993 1671 2751 336
w 39 ah 931 1348 2698 338
w 40 ah 822 1371 3130 297
w 41 ah 875 1491 2979 298
w 42 ah 884 1568 2819 268
w 44 ah 938 1492 2673 340
w 45 ah 914 1383 2854 312
w 46 ah 901 1509 2670 334
w 47 ah 975 1534 2658 302
w 48 ah 796 1502 2810 346
w 49 ah 1145 NaN 3272 326
w 50 ah 968 1433 2850 357
b 01 ah 831 1676 2602 212
b 02 ah 1020 1555 2742 328
b 03 ah 982 1823 2865 298
b 04 ah 932 1874 2994 357
b 05 ah 1052 1659 3433 270
b 07 ah 881 1543 3076 294
b 08 ah 762 1604 2991 340
b 09 ah 987 1610 3010 285
b 10 ah 1123 1640 2684 413
b 11 ah 832 1602 2551 282
b 12 ah 968 1808 3600 425
b 13 ah 933 1694 2860 273
b 14 ah 998 1560 2745 263
b 15 ah 871 2042 3410 340
b 16 ah 859 NaN 2789 364
b 17 ah 898 1544 2862 327
b 18 ah 1010 1705 2753 281
b 19 ah 951 1982 2807 292
b 21 ah 1010 1604 2588 363
b 22 ah 854 1518 2988 350
b 23 ah 1119 1588 3010 292
b 24 ah 1205 NaN 2708 238
b 25 ah 872 1565 2531 295
b 26 ah 776 1490 2730 314
b 27 ah 1147 1553 2877 270
b 28 ah 1065 1483 2723 271
b 29 ah 944 1540 2896 285
g 01 ah 894 1420 2828 276
g 02 ah 1312 1820 3308 298
g 04 ah 1007 1742 2982 324
g 05 ah 978 1817 2843 375
g 06 ah 1026 1544 2536 275
g 07 ah 843 1803 2562 384
g 08 ah 993 2000 3174 407
g 09 ah 1197 1734 3187 321
g 10 ah 855 1845 3055 282
g 11 ah 1047 1488 2879 298
g 12 ah 1154 1932 3044 317
g 13 ah 931 1749 3205 334
g 14 ah 954 1472 2844 308
g 15 ah 1316 1752 3113 299
g 17 ah 911 1624 3230 304
g 18 ah 1033 1929 3428 416
g 19 ah 1129 2005 2826 220
g 20 ah 1145 1655 3062 259
g 21 ah 1021 1720 3186 186
m 01 aw 699 996 2548 330
m 02 aw 644 856 2627 289
m 03 aw 647 926 2785 355
m 04 aw 694 970 2746 347
m 06 aw 740 999 2691 250
m 07 aw 642 949 2437 292
m 08 aw 651 1033 2477 294
m 09 aw 620 1068 2634 342
m 10 aw 637 923 2722 296
m 11 aw 695 1108 2384 363
m 13 aw 664 1024 2639 283
m 14 aw 664 1043 2575 248
m 16 aw 628 1069 2689 223
m 17 aw 634 987 2305 278
m 18 aw 662 1001 2744 320
m 19 aw 653 1020 2810 274
m 20 aw 648 1013 2473 287
m 21 aw 631 1019 2219 253
m 22 aw 688 1139 2549 316
m 23 aw 696 983 2603 292
m 24 aw 691 1111 2439 248
m 25 aw 587 941 2371 249
m 26 aw 636 978 2220 282
m 27 aw 686 1064 2432 171
m 28 aw 681 1060 2863 222
m 29 aw 720 1063 2369 226
m 30 aw 619 1012 2460 344
m 31 aw 640 1149 2227 196
m 32 aw 633 995 2500 195
m 33 aw 649 1048 2441 268
m 34 aw 623 1012 2506 239
m 35 aw 645 1049 2507 304
m 36 aw 645 1063 2565 300
m 37 aw 606 991 2135 202
m 38 aw 636 1108 2623 229
m 39 aw 670 919 2241 196
m 40 aw 631 1167 2344 281
m 41 aw 687 1062 2524 249
m 42 aw 684 1000 2576 328
m 44 aw 684 1001 2833 301
m 45 aw 704 1052 2749 293
m 47 aw 591 974 2325 300
m 48 aw 611 1067 2491 242
m 49 aw 643 931 2630 293
m 50 aw 679 1102 2424 277
w 01 aw 815 1200 2783 305
w 02 aw 760 1225 2796 464
w 03 aw 772 1051 2870 326
w 04 aw 770 1245 2811 379
w 05 aw 923 1368 2503 363
w 06 aw 778 1220 2677 363
w 07 aw 809 1097 2646 314
w 08 aw 815 1426 2990 320
w 09 aw 890 1063 2523 309
w 10 aw 771 1170 2760 416
w 11 aw 755 1114 2766 380
w 12 aw 930 1422 2489 397
w 13 aw 697 1142 2507 363
w 14 aw 748 1063 2876 266
w 15 aw 827 1189 2633 394
w 16 aw 847 1192 2999 342
w 17 aw 794 1185 2896 341
w 19 aw 848 1175 2892 327
w 20 aw 713 1132 2948 344
w 21 aw 698 1127 2886 465
w 22 aw 736 1120 3055 318
w 23 aw 835 1326 2667 362
w 24 aw 907 1527 3075 366
w 25 aw 811 1254 2824 414
w 26 aw 656 1075 2684 378
w 27 aw 890 1292 2801 284
w 28 aw 860 1504 2834 262
w 29 aw 740 1037 2736 327
w 30 aw 867 1207 2746 319
w 31 aw 776 1324 2852 384
w 32 aw 699 1104 2513 287
w 33 aw 906 1386 3066 328
w 34 aw 814 1144 2729 253
w 35 aw 801 1187 2935 331
w 36 aw 822 1177 2950 422
w 37 aw 851 1105 3249 413
w 38 aw 825 1213 2751 327
w 39 aw 752 1101 2616 369
w 40 aw 765 997 3477 303
w 41 aw 957 NaN 3066 332
w 42 aw 799 1146 2770 387
w 44 aw 715 963 2455 390
w 45 aw 790 1044 2933 351
w 46 aw 850 1182 2909 396
w 47 aw 813 1117 2585 310
w 48 aw 736 1098 2821 355
w 49 aw 677 1054 3278 318
w 50 aw 995 1359 2941 361
b 01 aw 725 1384 2642 242
b 02 aw 802 1287 2729 327
b 03 aw 805 1299 2582 334
b 04 aw 817 1329 2965 304
b 05 aw 780 1236 3360 236
b 07 aw 891 1383 3039 378
b 08 aw 610 993 2946 353
b 09 aw 845 1111 3049 313
b 10 aw 695 1288 3014 316
b 11 aw 761 1310 2801 331
b 12 aw 985 1630 2989 369
b 13 aw 875 1402 2830 322
b 14 aw 950 1246 2853 243
b 15 aw 750 1251 3003 312
b 16 aw 819 1074 2918 367
b 17 aw 744 1093 2898 315
b 18 aw 808 1467 2997 269
b 19 aw 820 1356 2700 294
b 21 aw 831 NaN 2566 376
b 22 aw 746 1309 2957 384
b 23 aw 765 1067 3266 313
b 24 aw 770 1010 2411 196
b 25 aw 839 1240 2636 340
b 26 aw 635 1163 NaN 362
b 27 aw 792 1268 2988 250
b 28 aw 640 929 2654 267
b 29 aw 941 1409 2729 305
g 01 aw 867 1292 3296 349
g 02 aw 875 1501 3294 249
g 04 aw 885 1415 3196 430
g 05 aw 882 1309 2834 368
g 06 aw 888 1266 2632 300
g 07 aw 697 1358 2263 342
g 08 aw 787 1234 2924 377
g 09 aw 932 1445 3107 425
g 10 aw 893 1563 3131 285
g 11 aw 898 1359 2850 380
g 12 aw 952 1665 3063 323
g 13 aw 823 1356 3419 339
g 14 aw 854 1109 2960 332
g 15 aw 894 1366 3371 360
g 17 aw 757 1242 3288 291
g 18 aw 1062 NaN 3233 441
g 19 aw 1090 1465 2981 218
g 20 aw 998 1368 3282 274
g 21 aw 1001 1488 3149 259
m 01 eh 609 1980 2678 266
m 02 eh 517 1917 2438 167
m 03 eh 559 1695 2413 284
m 04 eh 698 1580 2492 229
m 06 eh 555 1851 2624 177
m 07 eh 571 1926 2615 197
m 08 eh 582 1768 2463 239
m 09 eh 560 1697 2663 239
m 10 eh 594 1716 2678 186
m 11 eh 569 1709 2502 261
m 13 eh 577 1811 2559 203
m 14 eh 570 1824 2627 231
m 16 eh 546 1750 2509 156
m 17 eh 554 1790 2469 181
m 18 eh 608 1831 2694 170
m 19 eh 562 1816 2707 185
m 20 eh 583 1757 2852 199
m 21 eh 615 1624 2265 138
m 22 eh 630 1786 2637 184
m 23 eh 629 1810 2639 227
m 24 eh 624 1909 2773 153
m 25 eh 559 1755 2514 190
m 26 eh 609 1675 2495 207
m 27 eh 634 1874 2563 215
m 28 eh 636 1893 2765 125
m 29 eh 620 1832 2583 177
m 30 eh 565 1805 2608 197
m 31 eh 571 1752 2668 146
m 32 eh 608 1871 2572 166
m 33 eh 567 1718 2557 205
m 34 eh 541 1743 2563 185
m 35 eh 543 1840 2574 244
m 36 eh 579 1866 2799 217
m 37 eh 568 1687 2419 139
m 38 eh 583 1760 2497 158
m 39 eh 641 1814 2642 201
m 40 eh 623 1937 2643 204
m 41 eh 562 1591 2556 188
m 42 eh 622 1799 2726 207
m 44 eh 561 1786 2603 200
m 45 eh 723 2208 3057 200
m 47 eh 534 1608 2509 209
m 48 eh 574 1813 2476 198
m 49 eh 557 1996 2876 172
m 50 eh 565 1952 2619 178
w 01 eh 734 1893 2820 217
w 02 eh 740 2186 3086 432
w 03 eh 707 2110 3028 202
w 04 eh 693 1991 3121 315
w 05 eh 743 1981 2868 260
w 06 eh 712 1881 2777 280
w 07 eh 734 2141 2746 238
w 08 eh 732 2189 3366 199
w 09 eh 710 2138 2818 233
w 10 eh 704 2023 2927 271
w 11 eh 766 1922 2908 317
w 12 eh 673 2389 2989 234
w 13 eh 651 2157 2794 231
w 14 eh 817 2242 3139 241
w 15 eh 684 1992 2951 217
w 16 eh 756 2008 3089 253
w 17 eh 750 1935 2930 188
w 19 eh 706 1986 3228 317
w 20 eh 717 2256 2896 263
w 21 eh 727 1871 2902 281
w 22 eh 584 2175 2930 239
w 23 eh 762 1902 2887 294
w 24 eh 981 2075 3215 231
w 25 eh 794 2046 3082 386
w 26 eh 620 2071 2933 183
w 27 eh 741 1997 2567 236
w 28 eh 693 2012 3003 177
w 29 eh 597 2426 3018 193
w 30 eh 886 2186 2956 221
w 31 eh 588 2130 2870 248
w 32 eh 755 1762 2646 191
w 33 eh 885 2322 3652 194
w 34 eh 804 1998 2775 179
w 35 eh 718 2005 2906 223
w 36 eh 773 2042 3009 368
w 37 eh 694 2160 3144 343
w 38 eh 680 2068 3072 268
w 39 eh 694 2052 2838 259
w 40 eh 726 2123 2959 237
w 41 eh 714 2255 2941 203
w 42 eh 623 1882 3007 250
w 44 eh 718 1952 2817 255
w 45 eh 758 2091 2829 247
w 46 eh 676 2196 3124 284
w 47 eh 770 1866 2653 244
w 48 eh 683 1851 2877 244
w 49 eh 709 2088 2670 221
w 50 eh 817 1984 2973 270
b 01 eh 713 2095 3129 184
b 02 eh 674 2196 3047 195
b 03 eh 735 2315 3286 260
b 04 eh 735 2448 3359 364
b 05 eh 787 2176 3307 207
b 07 eh 867 2054 3227 272
b 08 eh 605 2445 3265 135
b 09 eh 699 2202 3393 193
b 10 eh 646 2435 3262 234
b 11 eh 794 2066 3160 282
b 12 eh 742 2355 3514 363
b 13 eh 640 2244 3086 258
b 14 eh 806 2172 3430 168
b 15 eh 734 2242 3601 312
b 16 eh 616 2356 3200 291
b 17 eh 749 1869 3107 189
b 18 eh 710 1993 3268 195
b 19 eh 632 2431 3091 227
b 21 eh 642 2015 2916 274
b 22 eh 699 2169 3243 212
b 23 eh 1057 2426 3441 238
b 24 eh 744 2227 2966 165
b 25 eh 692 2354 3179 215
b 26 eh 668 2106 3353 331
b 27 eh 699 2194 3317 192
b 28 eh 680 2187 3099 210
b 29 eh 856 2304 2916 212
g 01 eh 653 2241 3167 202
g 02 eh 928 2254 3612 218
g 04 eh 802 2427 3488 277
g 05 eh 809 2265 3309 328
g 06 eh 660 2223 3354 174
g 07 eh 649 2268 2827 284
g 08 eh 741 2418 3665 294
g 09 eh 763 2393 3241 292
g 10 eh 816 2404 3448 278
g 11 eh 793 2228 3560 227
g 12 eh 762 2349 3484 250
g 13 eh 759 2488 3502 250
g 14 eh 621 2275 3146 297
g 15 eh 880 2638 3567 266
g 17 eh 755 2137 3384 204
g 18 eh 533 2480 3378 258
g 19 eh 868 2318 3567 222
g 20 eh 882 2524 3555 228
g 21 eh 733 2421 3250 227
m 01 ei 494 2113 2700 319
m 02 ei 438 2196 2480 261
m 03 ei 438 2026 2476 353
m 04 ei 493 2102 2839 253
m 06 ei 497 2024 2677 241
m 07 ei 555 2174 2900 281
m 08 ei 529 1974 2638 328
m 09 ei 446 1918 2674 318
m 10 ei 439 2067 2708 273
m 11 ei 433 2082 2620 360
m 13 ei 439 2126 2762 243
m 14 ei 495 2166 2668 256
m 16 ei 482 1904 2526 218
m 17 ei 435 2013 2506 259
m 18 ei 445 2268 2798 338
m 19 ei 492 2195 2786 246
m 20 ei 535 2004 2939 237
m 21 ei 382 2035 NaN 196
m 22 ei 499 2068 2676 251
m 23 ei 477 2110 2563 311
m 24 ei 529 2114 2731 274
m 25 ei 494 1962 2608 267
m 26 ei 504 1878 2549 262
m 27 ei 472 2141 2623 252
m 28 ei 490 2187 2722 231
m 29 ei 393 2305 2694 211
m 30 ei 374 2436 2803 338
m 31 ei 444 2121 2547 239
m 32 ei 500 2159 2634 219
m 33 ei 480 2100 2576 311
m 34 ei 469 2035 2660 261
m 35 ei 438 2003 2552 312
m 36 ei 478 2049 2866 269
m 37 ei 497 1903 2455 193
m 38 ei 477 2073 2617 255
m 39 ei 440 2245 3044 286
m 40 ei 502 2025 2642 230
m 41 ei 501 1944 2643 217
m 42 ei 549 1921 2686 319
m 44 ei 497 2083 2628 269
m 45 ei 537 2493 3151 255
m 47 ei 482 1804 2551 282
m 48 ei 501 2042 2617 247
m 49 ei 441 2348 2935 229
m 50 ei 492 2108 2974 256
w 01 ei 539 2476 2868 239
w 02 ei 477 2704 NaN 453
w 03 ei 672 2457 3190 263
w 04 ei 601 2577 3091 437
w 05 ei 487 2600 3130 302
w 06 ei 492 2437 3001 318
w 07 ei 553 2458 2788 330
w 08 ei 496 2665 3173 274
w 09 ei 505 2777 3044 222
w 10 ei 455 2433 3023 347
w 11 ei 574 2316 2854 413
w 12 ei 502 2674 3394 329
w 13 ei 647 2539 NaN 318
w 14 ei 596 2478 2924 230
w 15 ei 500 2482 3060 325
w 16 ei 617 2697 3154 336
w 17 ei 558 2505 2855 261
w 19 ei 572 2428 3120 334
w 20 ei 574 2360 2686 305
w 21 ei 498 2218 2894 346
w 22 ei 511 2574 3085 269
w 23 ei 513 2435 2939 342
w 24 ei 617 2668 3319 349
w 25 ei 610 2598 3323 399
w 26 ei 485 2423 2912 420
w 27 ei 578 2474 3055 284
w 28 ei 507 2573 3121 231
w 29 ei 504 2501 3050 280
w 30 ei 494 2680 3156 313
w 31 ei 487 2408 3094 338
w 32 ei 547 2262 2708 277
w 33 ei 500 2889 3452 296
w 34 ei 433 2773 3297 267
w 35 ei 591 2562 3156 314
w 36 ei 596 2314 3113 402
w 37 ei 500 2622 3305 367
w 38 ei 645 2554 3047 310
w 39 ei 434 2568 3053 344
w 40 ei 543 2399 2775 296
w 41 ei 555 2766 3181 298
w 42 ei 484 2276 3151 343
w 44 ei 442 2464 3067 300
w 45 ei 606 2438 2723 319
w 46 ei 485 2619 NaN 377
w 47 ei 472 2616 NaN 313
w 48 ei 546 2237 2864 309
w 49 ei 439 2801 3084 305
w 50 ei 664 2455 2915 361
b 01 ei 534 2690 3335 222
b 02 ei 556 2482 3428 324
b 03 ei 608 2836 3599 286
b 04 ei 574 2490 3189 323
b 05 ei 611 2761 3269 247
b 07 ei 629 2663 3132 361
b 08 ei 606 2396 3015 285
b 09 ei 555 2377 3123 258
b 10 ei 580 2754 3405 314
b 11 ei 571 2586 3293 309
b 12 ei 554 2620 3604 357
b 13 ei 532 2673 3363 280
b 14 ei 436 2658 3519 260
b 15 ei 558 2643 3216 382
b 16 ei 564 2523 3286 346
b 17 ei 499 2356 2983 245
b 18 ei 621 2476 3195 265
b 19 ei 652 2661 3448 285
b 21 ei 463 2745 3155 465
b 22 ei 558 2559 3311 322
b 23 ei 586 2720 3446 336
b 24 ei 613 2593 3103 199
b 25 ei 441 2585 3014 294
b 26 ei 654 2549 3427 426
b 27 ei 494 2823 3444 293
b 28 ei 510 2438 3126 309
b 29 ei 655 2772 NaN 289
g 01 ei 496 2670 3256 320
g 02 ei 648 2788 3723 286
g 04 ei 561 2663 3550 350
g 05 ei 638 2553 3348 321
g 06 ei 542 2755 3283 261
g 07 ei 544 2444 2605 421
g 08 ei 513 2881 3667 438
g 09 ei 536 2859 3507 364
g 10 ei 740 2651 3049 310
g 11 ei 494 2676 3280 315
g 12 ei 594 2733 3413 293
g 13 ei 550 2780 3468 345
g 14 ei 564 2455 3100 351
g 15 ei 497 2804 3315 386
g 17 ei 575 2502 3445 280
g 18 ei 570 3256 NaN 325
g 19 ei 618 2752 4040 223
g 20 ei 540 2687 3504 294
g 21 ei 558 2533 3224 259
m 01 er 506 1418 1849 324
m 02 er 457 1406 NaN 296
m 03 er 479 1252 1621 368
m 04 er 460 1473 NaN 332
m 06 er 489 1338 1747 217
m 07 er 493 1270 1633 272
m 08 er 501 1334 1611 282
m 09 er 466 1377 1616 342
m 10 er 459 1367 1716 249
m 11 er 438 1387 1716 340
m 13 er 439 1220 1681 268
m 14 er 506 1464 1672 287
m 16 er 439 1387 1746 204
m 17 er 429 1389 1830 256
m 18 er 504 1386 1813 298
m 19 er 505 1330 1929 243
m 20 er 457 1437 1648 356
m 21 er 463 1371 1684 185
m 22 er 491 1455 1896 256
m 23 er 504 1173 1595 274
m 24 er 513 1342 1965 258
m 25 er 474 1505 NaN 260
m 26 er 505 1450 NaN 252
m 27 er 442 1517 1736 231
m 28 er 496 1500 1711 201
m 29 er 453 1432 NaN 206
m 30 er 430 1294 1487 310
m 31 er 435 1289 1562 210
m 32 er 491 1370 1679 202
m 33 er 477 1376 1679 270
m 34 er 447 1400 1791 252
m 35 er 440 1447 1701 271
m 36 er 493 1428 1741 290
m 37 er 478 1440 1665 212
m 38 er 451 1314 1731 206
m 39 er 467 1432 1742 260
m 40 er 505 1447 1823 266
m 41 er 461 1297 1586 214
m 42 er 557 1344 1610 326
m 44 er 491 1300 1744 252
m 45 er 486 1372 1797 255
m 47 er 443 1262 1538 259
m 48 er 489 1493 1836 248
m 49 er 444 1377 1543 238
m 50 er 516 1399 1756 258
w 01 er 470 1437 1672 300
w 02 er 500 1441 1914 418
w 03 er 523 1413 NaN 278
w 04 er 619 1716 2138 350
w 05 er 494 1485 1863 317
w 06 er 527 1636 1974 342
w 07 er 518 1604 1912 320
w 08 er 516 1983 NaN 272
w 09 er 503 1480 1735 261
w 10 er 495 1596 1973 342
w 11 er 567 1496 1803 389
w 12 er 501 1555 1938 348
w 13 er 531 1688 1971 275
w 14 er 506 1604 1915 267
w 15 er 484 1652 1928 355
w 16 er 597 1588 1905 295
w 17 er 491 1506 1727 308
w 19 er 524 1547 2066 319
w 20 er 508 1562 NaN 325
w 21 er 469 1499 NaN 370
w 22 er 505 1568 1845 279
w 23 er 508 1687 1913 345
w 24 er 538 1813 2236 327
w 25 er 617 1565 1930 403
w 26 er 522 1490 2094 340
w 27 er 507 1749 2028 242
w 28 er 514 1831 2192 223
w 29 er 580 1407 1837 311
w 30 er 557 1546 1929 332
w 31 er 555 1491 1998 335
w 32 er 588 1509 NaN 272
w 33 er 549 1749 2209 345
w 34 er 461 1534 1878 240
w 35 er 537 1509 1682 300
w 36 er 492 1635 1871 438
w 37 er 455 1769 2070 371
w 38 er 656 1614 2008 303
w 39 er 509 1365 NaN 340
w 40 er 584 1486 1783 304
w 41 er 491 1655 NaN 262
w 42 er 482 1676 NaN 331
w 44 er 487 1434 1911 319
w 45 er 537 1638 1932 310
w 46 er 500 1637 1928 382
w 47 er 456 1615 1826 327
w 48 er 604 1441 1835 346
w 49 er 513 1569 1869 301
w 50 er 503 1766 1956 356
b 01 er 608 1733 2159 227
b 02 er 560 1687 1990 395
b 03 er 622 1837 2114 280
b 04 er 580 1990 2245 386
b 05 er 573 1562 2227 228
b 07 er 612 1645 2306 375
b 08 er 477 1809 NaN 261
b 09 er 505 1691 2074 262
b 10 er 620 1823 2188 326
b 11 er 586 1681 2069 322
b 12 er 523 1874 2284 366
b 13 er 574 1751 2078 255
b 14 er 619 1498 1696 283
b 15 er 562 1682 1981 371
b 16 er 591 1626 2051 334
b 17 er 556 1741 2245 304
b 18 er 559 1828 2163 304
b 19 er 571 1984 2206 278
b 21 er 495 1555 1948 378
b 22 er 678 1594 2048 336
b 23 er 614 1867 2435 332
b 24 er 568 1512 1783 270
b 25 er 488 1584 1810 277
b 26 er 479 1579 1963 347
b 27 er 615 1742 2009 251
b 28 er 457 1570 1926 263
b 29 er 614 1733 2034 390
g 01 er 556 1687 2002 297
g 02 er 620 1750 2165 258
g 04 er 564 2003 2349 359
g 05 er 601 1791 2612 348
g 06 er 632 1689 2154 299
g 07 er 585 1694 2278 365
g 08 er 540 1571 NaN 346
g 09 er 573 1748 2245 413
g 10 er 631 1722 2140 320
g 11 er 671 1556 2302 296
g 12 er 627 1780 2415 270
g 13 er 561 1692 2358 288
g 14 er 603 1663 1983 312
g 15 er 707 1706 2245 331
g 17 er 667 1688 2246 269
g 18 er 611 2033 2522 287
g 19 er 670 1899 2323 197
g 20 er 627 1628 2058 286
g 21 er 620 1689 2361 262
m 01 ih 370 2161 2757 268
m 02 ih 384 2039 2523 183
m 03 ih 411 1932 2569 262
m 04 ih 441 2045 2694 227
m 06 ih 441 2080 2721 159
m 07 ih 363 2269 2935 190
m 08 ih 390 1948 2566 235
m 09 ih 385 1843 2696 221
m 10 ih 440 1954 2587 186
m 11 ih 470 1959 2697 301
m 13 ih 411 2034 2795 164
m 14 ih 444 2154 2659 249
m 16 ih 424 1913 2556 134
m 17 ih 419 2076 2602 169
m 18 ih 491 1958 2782 179
m 19 ih 486 2061 2719 194
m 20 ih 433 2012 2855 221
m 21 ih 418 1964 2432 145
m 22 ih 452 2062 2736 220
m 23 ih 463 2018 2688 207
m 24 ih 501 1971 2734 202
m 25 ih 427 1974 2608 176
m 26 ih 439 1951 2622 197
m 27 ih 453 2013 2660 188
m 28 ih 469 2128 2744 160
m 29 ih 404 2107 2677 145
m 30 ih 383 2167 2726 178
m 31 ih 440 2119 2694 134
m 32 ih 438 2049 2609 154
m 33 ih 437 1960 2596 204
m 34 ih 379 1942 2658 172
m 35 ih 397 1985 2615 226
m 36 ih 428 1999 2849 174
m 37 ih 434 1872 2543 147
m 38 ih 427 2140 2626 142
m 39 ih 440 2082 2767 168
m 40 ih 431 2071 2671 194
m 41 ih 437 1915 2687 185
m 42 ih 474 1956 2762 191
m 44 ih 433 2012 2708 204
m 45 ih 432 2494 3137 224
m 47 ih 396 1810 2504 244
m 48 ih 429 1962 2554 182
m 49 ih 416 2296 2995 177
m 50 ih 441 2068 2594 198
w 01 ih 496 2260 3027 176
w 02 ih 446 2444 2956 356
w 03 ih 486 2332 2925 197
w 04 ih 502 2391 3071 356
w 05 ih 497 2379 3074 266
w 06 ih 531 2174 2984 266
w 07 ih 535 2380 2930 285
w 08 ih 498 2654 3391 180
w 09 ih 500 2272 3028 218
w 10 ih 471 2277 2884 249
w 11 ih 453 2427 2932 320
w 12 ih 489 2603 3353 246
w 13 ih 555 2216 2812 219
w 14 ih 491 2316 2934 209
w 15 ih 485 2129 2967 218
w 16 ih 457 2590 3232 290
w 17 ih 474 2362 2830 203
w 19 ih 501 2355 3161 256
w 20 ih 449 2173 2840 240
w 21 ih 458 2143 2986 345
w 22 ih 440 2394 3136 171
w 23 ih 535 2134 2929 227
w 24 ih 516 2567 3485 258
w 25 ih 552 2453 3346 302
w 26 ih 455 2304 2999 209
w 27 ih 515 2378 3063 197
w 28 ih 504 2334 3063 167
w 29 ih 544 2570 3135 219
w 30 ih 501 2449 3185 208
w 31 ih 431 2190 3060 261
w 32 ih 478 2157 2793 213
w 33 ih 556 2541 3684 227
w 34 ih 486 2454 3106 175
w 35 ih 442 2472 3010 176
w 36 ih 486 2253 3212 353
w 37 ih 440 2453 3123 363
w 38 ih 477 2554 3296 239
w 39 ih 436 2559 3104 247
w 40 ih 501 2292 2863 227
w 41 ih 443 2644 3306 200
w 42 ih 489 2175 2990 170
w 44 ih 451 2247 2929 266
w 45 ih 442 2316 2899 287
w 46 ih 449 2492 3040 252
w 47 ih 444 2237 2711 208
w 48 ih 498 2234 2876 209
w 49 ih 463 2603 2991 216
w 50 ih 499 2384 3091 245
b 01 ih 551 2393 3324 197
b 02 ih 563 2608 3476 239
b 03 ih 571 2689 3572 284
b 04 ih 513 2447 3454 268
b 05 ih 479 2449 3200 209
b 07 ih 590 2354 3416 268
b 08 ih 447 2784 3287 205
b 09 ih 536 2319 3351 232
b 10 ih 529 2649 3280 263
b 11 ih 522 2387 3297 227
b 12 ih 548 2592 3485 305
b 13 ih 491 2409 3166 253
b 14 ih 470 2505 3377 177
b 15 ih 564 2515 3537 255
b 16 ih 562 2549 3101 290
b 17 ih 499 2230 3249 276
b 18 ih 535 2190 2998 196
b 19 ih 520 2695 3373 263
b 21 ih 506 2432 3008 300
b 22 ih 489 2544 3720 187
b 23 ih 559 2753 3502 205
b 24 ih 447 2645 3302 137
b 25 ih 479 2492 3187 249
b 26 ih 481 2567 3550 316
b 27 ih 551 2362 3354 174
b 28 ih 490 2449 3330 194
b 29 ih 503 2433 3150 294
g 01 ih 495 2574 3362 233
g 02 ih 557 2634 3691 197
g 04 ih 558 2427 3502 313
g 05 ih 441 2728 3285 323
g 06 ih 488 2623 3549 150
g 07 ih 506 2432 3262 311
g 08 ih 517 2619 3499 378
g 09 ih 515 2828 3627 308
g 10 ih 518 2870 3681 241
g 11 ih 499 2437 3758 250
g 12 ih 533 2762 3466 240
g 13 ih 508 2642 3494 273
g 14 ih 435 2623 3084 311
g 15 ih 497 2684 3546 337
g 17 ih 504 2408 3422 212
g 18 ih 557 2664 3468 267
g 19 ih 550 2625 3774 168
g 20 ih 489 2730 3763 220
g 21 ih 444 2846 3518 170
m 01 iy 328 2418 2939 339
m 02 iy 305 2320 3072 236
m 03 iy 331 2311 2865 315
m 04 iy 353 2385 3400 240
m 06 iy 367 2390 2777 241
m 07 iy 346 2379 3217 259
m 08 iy 312 2402 2849 298
m 09 iy 355 2049 2921 341
m 10 iy 320 2300 3038 223
m 11 iy 315 2253 2886 323
m 13 iy 327 2257 2943 229
m 14 iy 329 2514 3073 256
m 16 iy 311 2274 2510 179
m 17 iy 322 2282 2746 261
m 18 iy 364 2366 3042 273
m 19 iy 350 2462 2921 232
m 20 iy 314 2368 3378 263
m 21 iy 328 2123 3444 153
m 22 iy 372 2280 2710 251
m 23 iy 367 2244 3042 265
m 24 iy 381 2515 3059 241
m 25 iy 352 2254 2888 268
m 26 iy 323 2269 2943 271
m 27 iy 338 2329 2945 218
m 28 iy 368 2509 2893 194
m 29 iy 309 2385 3219 161
m 30 iy 307 2405 3442 282
m 31 iy 312 2319 2865 202
m 32 iy 327 2378 2999 205
m 33 iy 314 2506 2963 254
m 34 iy 365 2119 2883 200
m 35 iy 327 2143 2881 268
m 36 iy 362 2103 3074 219
m 37 iy 392 2127 2874 195
m 38 iy 308 2190 2819 187
m 39 iy 373 2207 3191 235
m 40 iy 343 2502 3035 231
m 41 iy 394 2300 2827 221
m 42 iy 373 2214 3134 286
m 44 iy 312 2307 2834 291
m 45 iy 420 2600 NaN 234
m 47 iy 315 2052 3005 228
m 48 iy 366 2504 NaN 216
m 49 iy 370 2536 3332 246
m 50 iy 354 2375 3150 228
w 01 iy 441 2806 3260 232
w 02 iy 435 2890 3667 380
w 03 iy 380 2703 3087 289
w 04 iy 428 2767 3627 364
w 05 iy 346 2703 3510 305
w 06 iy 439 2676 3291 332
w 07 iy 394 2689 3058 281
w 08 iy 493 2967 3496 297
w 09 iy 442 2850 3157 246
w 10 iy 477 2866 3236 324
w 11 iy 408 2627 3064 433
w 12 iy 435 2868 3625 359
w 13 iy 438 2813 3532 336
w 14 iy 440 2706 3404 261
w 15 iy 455 2797 3129 321
w 16 iy 443 2944 3546 278
w 17 iy 429 2698 3509 240
w 19 iy 492 2695 3371 302
w 20 iy 382 2563 3477 287
w 21 iy 434 2512 2998 353
w 22 iy 435 2621 3116 304
w 23 iy 433 2634 3307 307
w 24 iy 531 2996 3831 334
w 25 iy 467 3009 NaN 346
w 26 iy 375 2577 3276 336
w 27 iy 497 2795 3266 250
w 28 iy 495 2910 NaN 222
w 29 iy 508 2731 3669 284
w 30 iy 452 2754 3511 306
w 31 iy 461 2359 3218 316
w 32 iy 433 2720 3035 261
w 33 iy 505 2982 3741 257
w 34 iy 434 2854 3614 236
w 35 iy 426 2775 3535 276
w 36 iy 424 2692 3336 324
w 37 iy 380 2816 3312 396
w 38 iy 439 2927 3283 276
w 39 iy 430 2606 NaN 338
w 40 iy 383 2733 3326 271
w 41 iy 438 2964 3632 263
w 42 iy 427 2772 3762 376
w 44 iy 437 2555 3583 368
w 45 iy 431 2522 3008 326
w 46 iy 331 3049 3736 316
w 47 iy 440 2757 3175 336
w 48 iy 489 2641 2952 279
w 49 iy 419 2874 3367 290
w 50 iy 437 2778 3139 314
b 01 iy 554 3022 3541 237
b 02 iy 344 3193 3579 317
b 03 iy 441 3081 3975 277
b 04 iy 509 2873 3475 318
b 05 iy 475 3203 NaN 242
b 07 iy 488 3063 4430 310
b 08 iy 434 3127 3566 241
b 09 iy 501 2760 3262 296
b 10 iy 424 3198 3818 266
b 11 iy 429 2984 3348 254
b 12 iy 516 3126 3621 349
b 13 iy 476 2772 3371 234
b 14 iy 421 3337 NaN 327
b 15 iy 446 3011 3587 329
b 16 iy 428 3070 NaN 324
b 17 iy 493 2811 NaN 331
b 18 iy 504 2803 3130 269
b 19 iy 442 3135 NaN 288
b 21 iy 427 2952 3556 398
b 22 iy 475 2916 3399 325
b 23 iy 366 3207 3722 277
b 24 iy 424 3199 3815 205
b 25 iy 382 2987 NaN 309
b 26 iy 441 3079 3474 342
b 27 iy 410 2874 3505 241
b 28 iy 361 2938 3810 268
b 29 iy 366 3024 3867 269
g 01 iy 389 3068 3544 314
g 02 iy 498 3451 4100 248
g 04 iy 463 3225 3699 324
g 05 iy 475 3320 NaN 305
g 06 iy 478 2997 3755 230
g 07 iy 457 2776 4268 386
g 08 iy 507 3319 3823 390
g 09 iy 503 3256 4056 399
g 10 iy 456 3389 4027 292
g 11 iy 465 2875 3699 282
g 12 iy 436 3340 3862 304
g 13 iy 464 3104 3692 396
g 14 iy 432 2688 3161 320
g 15 iy 477 3266 3889 357
g 17 iy 466 3004 3634 266
g 18 iy 436 3443 3843 343
g 19 iy 479 3093 3755 193
g 20 iy 469 3278 4165 243
g 21 iy 472 3120 3574 258
m 01 oa 509 989 2561 369
m 02 oa 519 891 2532 261
m 03 oa 496 863 2548 417
m 04 oa 441 862 2455 300
m 06 oa 524 1000 2432 263
m 07 oa 515 1126 2455 266
m 08 oa 500 868 2552 285
m 09 oa 503 950 2680 340
m 10 oa 476 1016 2502 269
m 11 oa 496 867 2380 374
m 13 oa 486 826 2631 268
m 14 oa 491 1065 2383 269
m 16 oa 434 862 2561 214
m 17 oa 439 699 2107 272
m 18 oa 454 745 2623 337
m 19 oa 566 997 2748 247
m 20 oa 534 1002 2293 319
m 21 oa 499 859 2080 204
m 22 oa 520 987 2573 287
m 23 oa 461 801 2442 279
m 24 oa 543 1009 2326 233
m 25 oa 494 925 2235 261
m 26 oa 436 865 2377 275
m 27 oa 533 900 2435 246
m 28 oa 530 1000 2652 213
m 29 oa 509 896 2354 238
m 30 oa 376 659 2572 301
m 31 oa 457 870 2566 175
m 32 oa 487 804 2508 198
m 33 oa 502 879 2465 260
m 34 oa 499 883 2618 243
m 35 oa 465 969 2364 317
m 36 oa 496 908 2435 230
m 37 oa 437 861 2160 211
m 38 oa 548 1067 2480 209
m 39 oa 444 815 2375 252
m 40 oa 522 911 2461 256
m 41 oa 554 1005 2369 229
m 42 oa 528 792 2481 289
m 44 oa 555 1019 2611 282
m 45 oa 552 924 2565 247
m 47 oa 473 820 2308 293
m 48 oa 499 927 2493 232
m 49 oa 495 938 2519 188
m 50 oa 601 1045 2396 251
w 01 oa 557 1135 2961 302
w 02 oa 432 1013 2690 422
w 03 oa 624 1130 2881 274
w 04 oa 627 1314 2911 410
w 05 oa 443 879 2532 376
w 06 oa 580 995 2637 353
w 07 oa 621 1025 2704 262
w 08 oa 506 1257 2957 304
w 09 oa 538 998 2796 257
w 10 oa 453 980 2854 363
w 11 oa 597 1150 2751 372
w 12 oa 688 1185 2748 319
w 13 oa 631 1181 2458 315
w 14 oa 636 1041 2862 264
w 15 oa 449 924 2694 357
w 16 oa 612 1026 2896 346
w 17 oa 616 1034 2785 298
w 19 oa 631 1185 2942 340
w 20 oa 504 1047 2749 317
w 21 oa 469 934 2571 374
w 22 oa 578 1061 2882 334
w 23 oa 560 987 2311 345
w 24 oa 508 991 3121 362
w 25 oa 658 1045 2928 443
w 26 oa 498 970 2876 378
w 27 oa 582 946 2704 265
w 28 oa 613 1184 3063 225
w 29 oa 636 981 2944 285
w 30 oa 636 1096 2684 313
w 31 oa 584 936 2985 363
w 32 oa 499 1046 2697 239
w 33 oa 504 990 3324 277
w 34 oa 453 880 2924 254
w 35 oa 641 1195 2890 309
w 36 oa 620 1057 2833 340
w 37 oa 563 1198 3046 406
w 38 oa 632 1108 2869 296
w 39 oa 430 820 2783 353
w 40 oa 438 812 3068 305
w 41 oa 450 889 2904 288
w 42 oa 444 987 2727 318
w 44 oa 435 862 2516 347
w 45 oa 608 1007 2866 323
w 46 oa 568 1112 2827 350
w 47 oa 624 1109 2691 380
w 48 oa 522 923 2871 282
w 49 oa 444 803 3233 315
w 50 oa 720 1277 2812 361
b 01 oa 693 1235 2850 267
b 02 oa 557 1106 2808 336
b 03 oa 624 1456 2933 310
b 04 oa 685 1128 3181 322
b 05 oa 589 1050 3083 247
b 07 oa 641 1243 3443 311
b 08 oa 554 896 2870 341
b 09 oa 516 1181 3079 210
b 10 oa 623 1241 2770 316
b 11 oa 591 1168 2769 270
b 12 oa 716 NaN 2864 403
b 13 oa 586 1217 3041 259
b 14 oa 623 1044 3142 263
b 15 oa 562 1051 3094 394
b 16 oa 588 1063 3228 315
b 17 oa 581 1115 2924 290
b 18 oa 613 1236 2766 260
b 19 oa 548 1062 2926 335
b 21 oa 584 936 2679 397
b 22 oa 588 1117 2848 370
b 23 oa 557 1065 3040 314
b 24 oa 615 NaN 2691 216
b 25 oa 625 1100 2747 292
b 26 oa 646 1244 3023 338
b 27 oa 658 1272 2944 264
b 28 oa 616 1047 2669 293
b 29 oa 578 1122 2833 267
g 01 oa 571 1243 2854 263
g 02 oa 683 1038 3200 295
g 04 oa 583 1352 3140 380
g 05 oa 678 1306 3202 380
g 06 oa 483 903 2954 268
g 07 oa 492 927 2671 442
g 08 oa 536 789 2863 309
g 09 oa 561 1151 2996 423
g 10 oa 630 1491 3010 338
g 11 oa 455 923 3258 363
g 12 oa 637 1142 3360 237
g 13 oa 502 960 3274 351
g 14 oa 499 992 3121 330
g 15 oa 577 1217 3225 382
g 17 oa 785 1551 3138 262
g 18 oa 568 1096 2991 300
g 19 oa 688 1197 3184 222
g 20 oa 622 1223 3380 317
g 21 oa 643 1262 3194 246
m 01 oo 450 995 2519 255
m 02 oo 424 992 2249 174
m 03 oo 489 1059 2567 275
m 04 oo 522 1123 2538 210
m 06 oo 468 1115 2492 147
m 07 oo 442 1176 2435 197
m 08 oo 486 1116 2563 241
m 09 oo 442 1205 2580 238
m 10 oo 485 1086 2556 196
m 11 oo 472 1296 2273 275
m 13 oo 459 1036 2625 208
m 14 oo 446 1298 2275 203
m 16 oo 438 1177 2478 150
m 17 oo 438 979 2187 178
m 18 oo 481 1094 2623 166
m 19 oo 499 1127 2684 222
m 20 oo 438 1181 2381 237
m 21 oo 451 1106 2195 147
m 22 oo 470 1202 2555 173
m 23 oo 503 1058 2518 204
m 24 oo 504 1318 2491 210
m 25 oo 507 1183 2309 216
m 26 oo 492 1157 2454 208
m 27 oo 487 994 2299 173
m 28 oo 435 994 2565 146
m 29 oo 491 1246 2336 188
m 30 oo 430 1021 2507 191
m 31 oo 463 1086 2453 111
m 32 oo 500 1067 2435 134
m 33 oo 495 1093 2463 180
m 34 oo 442 1092 2459 160
m 35 oo 466 1375 2478 230
m 36 oo 496 1101 2396 185
m 37 oo 497 1164 2245 159
m 38 oo 436 1154 2300 153
m 39 oo 498 1048 2391 196
m 40 oo 435 1263 2559 168
m 41 oo 468 1064 2383 176
m 42 oo 510 1238 2250 227
m 44 oo 409 965 2490 220
m 45 oo 497 1107 2501 186
m 47 oo 465 1087 2217 219
m 48 oo 441 1181 2326 167
m 49 oo 456 1002 2518 178
m 50 oo 495 1106 2444 205
w 01 oo 489 1357 2937 238
w 02 oo 503 1332 2903 390
w 03 oo 494 1102 2863 265
w 04 oo 509 1323 3122 279
w 05 oo 506 1188 2485 269
w 06 oo 483 987 2679 283
w 07 oo 563 1233 2758 227
w 08 oo 546 1534 2880 210
w 09 oo 500 1200 2783 209
w 10 oo 491 1179 2636 253
w 11 oo 575 1619 2737 332
w 12 oo 502 1322 2951 289
w 13 oo 552 1193 2559 227
w 14 oo 499 1103 2900 227
w 15 oo 501 1189 2647 240
w 16 oo 562 1109 2904 273
w 17 oo 492 1161 2766 202
w 19 oo 505 1404 2774 332
w 20 oo 500 1095 2804 301
w 21 oo 496 1169 2654 370
w 22 oo 458 1042 3007 270
w 23 oo 617 1373 2579 208
w 24 oo 559 1246 3127 245
w 25 oo 509 1244 2980 331
w 26 oo 490 1122 2824 171
w 27 oo 616 1331 2696 167
w 28 oo 521 1428 3156 181
w 29 oo 570 1117 2820 205
w 30 oo 532 1354 2810 216
w 31 oo 482 1124 2704 245
w 32 oo 541 1183 2780 183
w 33 oo 615 1375 3295 187
w 34 oo 579 1392 2760 187
w 35 oo 552 1364 2809 203
w 36 oo 449 1396 2702 328
w 37 oo 464 1169 2985 333
w 38 oo 552 1214 2882 251
w 39 oo 486 1088 2663 236
w 40 oo 516 1019 2890 233
w 41 oo 444 1081 3049 217
w 42 oo 497 1440 2713 246
w 44 oo 499 1144 2511 242
w 45 oo 480 1108 2717 239
w 46 oo 520 1421 2998 265
w 47 oo 498 1162 2708 231
w 48 oo 519 1051 2741 239
w 49 oo 509 1049 3306 217
w 50 oo 553 1135 2859 273
b 01 oo 553 1495 2868 184
b 02 oo 570 1148 2947 253
b 03 oo 574 1808 2985 247
b 04 oo 558 1742 3271 343
b 05 oo 543 1473 3166 197
b 07 oo 624 1513 3061 281
b 08 oo 469 1097 2801 200
b 09 oo 615 1345 3346 222
b 10 oo 613 1561 2856 259
b 11 oo 593 1507 2997 271
b 12 oo 588 1578 3113 325
b 13 oo 626 1578 2786 244
b 14 oo 494 1245 3037 179
b 15 oo 570 1423 3457 329
b 16 oo 615 1397 3109 261
b 17 oo 508 1245 2885 247
b 18 oo 563 1585 2841 189
b 19 oo 578 1574 3026 294
b 21 oo 531 1540 2931 270
b 22 oo 627 1703 2883 232
b 23 oo 561 1627 3037 206
b 24 oo 493 1248 2751 169
b 25 oo 512 1260 2826 254
b 26 oo 546 1254 3333 303
b 27 oo 622 1417 2993 174
b 28 oo 492 1200 2622 213
b 29 oo 684 1623 3019 221
g 01 oo 499 1440 2980 224
g 02 oo 639 1518 3253 206
g 04 oo 564 1613 3065 367
g 05 oo 504 1440 3000 375
g 06 oo 545 1307 3032 234
g 07 oo 507 1720 2978 186
g 08 oo 585 1636 2941 292
g 09 oo 595 1737 3235 284
g 10 oo 667 1446 3220 268
g 11 oo 627 1515 3034 310
g 12 oo 571 1819 3274 214
g 13 oo 563 1577 3159 269
g 14 oo 498 1491 2924 314
g 15 oo 597 1599 3270 298
g 17 oo 643 1860 3306 188
g 18 oo 556 1558 3490 211
g 19 oo 682 1571 3394 155
g 20 oo 512 1644 3483 241
g 21 oo 575 1580 3509 179
m 01 uh 670 1178 2566 292
m 02 uh 642 998 2682 173
m 03 uh 622 1075 2622 297
m 04 uh 650 1036 2697 211
m 06 uh 629 1146 2643 169
m 07 uh 651 1176 2564 185
m 08 uh 626 1159 2643 242
m 09 uh 602 1336 2690 203
m 10 uh 658 1410 2720 183
m 11 uh 619 1241 2455 295
m 13 uh 636 1153 2756 172
m 14 uh 631 1133 2560 227
m 16 uh 573 1152 2604 146
m 17 uh 663 1166 2177 176
m 18 uh 610 1168 2529 193
m 19 uh 637 1295 2757 183
m 20 uh 623 1163 2555 189
m 21 uh 593 1254 2302 139
m 22 uh 622 1155 2606 226
m 23 uh 617 1071 2685 202
m 24 uh 628 1223 2609 201
m 25 uh 601 1214 2305 212
m 26 uh 593 1213 2329 230
m 27 uh 662 1166 2553 166
m 28 uh 682 1192 2774 168
m 29 uh 623 1207 2455 145
m 30 uh 560 1118 2503 199
m 31 uh 622 1285 2472 128
m 32 uh 666 1135 2471 143
m 33 uh 575 1130 2489 204
m 34 uh 583 1187 2627 177
m 35 uh 561 1343 2498 219
m 36 uh 630 1328 2554 171
m 37 uh 596 1053 2282 169
m 38 uh 602 1176 2495 155
m 39 uh 608 1167 2523 193
m 40 uh 612 1317 2608 201
m 41 uh 628 1172 2626 181
m 42 uh 631 1241 2276 242
m 44 uh 650 1154 2640 208
m 45 uh 670 1061 2703 194
m 47 uh 566 1040 2476 198
m 48 uh 600 1182 2471 188
m 49 uh 618 1228 2718 166
m 50 uh 622 1163 2370 176
w 01 uh 803 1501 2989 246
w 02 uh 788 1547 2917 345
w 03 uh 789 1291 2877 206
w 04 uh 731 1552 3111 331
w 05 uh 693 1381 2560 290
w 06 uh 795 1362 2671 233
w 07 uh 854 1401 2756 209
w 08 uh 716 1634 3119 207
w 09 uh 809 1391 2927 193
w 10 uh 680 1499 2885 256
w 11 uh 773 1614 2813 266
w 12 uh 817 1604 2649 248
w 13 uh 739 1320 2596 221
w 14 uh 742 1352 2960 206
w 15 uh 700 1338 2750 288
w 16 uh 824 1459 2924 250
w 17 uh 705 1166 2890 183
w 19 uh 839 1555 3003 286
w 20 uh 642 1338 2938 249
w 21 uh 701 1318 2881 330
w 22 uh 777 1397 3033 209
w 23 uh 686 1477 2698 220
w 24 uh 769 1382 3035 250
w 25 uh 815 1427 3002 309
w 26 uh 678 1397 2861 187
w 27 uh 823 1419 3051 195
w 28 uh 700 1580 3018 194
w 29 uh 885 1580 3078 200
w 30 uh 835 1507 2834 208
w 31 uh 756 1531 2871 199
w 32 uh 685 1100 2510 224
w 33 uh 828 1454 3287 193
w 34 uh 764 1359 2875 164
w 35 uh 729 1435 3109 215
w 36 uh 761 1380 3042 365
w 37 uh 809 1468 3153 325
w 38 uh 818 1516 2970 214
w 39 uh 710 1293 2623 233
w 40 uh 755 1427 2965 233
w 41 uh 827 1416 3022 201
w 42 uh 736 1300 2829 156
w 44 uh 678 1229 2590 251
w 45 uh 780 1380 2854 274
w 46 uh 693 1277 2935 200
w 47 uh 712 1499 2757 206
w 48 uh 733 1378 2891 208
w 49 uh 796 1271 3197 215
w 50 uh 811 1450 2938 262
b 01 uh 632 1573 2913 205
b 02 uh 731 1550 3363 161
b 03 uh 823 1655 2926 226
b 04 uh 756 1672 3183 293
b 05 uh 637 1424 3328 150
b 07 uh 822 1489 3281 310
b 08 uh 667 1442 2882 242
b 09 uh 695 1423 3210 228
b 10 uh 612 1432 3046 248
b 11 uh 699 1454 2765 266
b 12 uh 762 1721 3234 298
b 13 uh 639 1454 3098 250
b 14 uh 697 1305 3167 215
b 15 uh 654 NaN 3466 307
b 16 uh 739 1411 3122 300
b 17 uh 696 1297 2881 239
b 18 uh 780 1428 3070 233
b 19 uh 754 1742 3002 241
b 21 uh 632 1352 2740 254
b 22 uh 746 1552 3044 296
b 23 uh 863 1566 3134 219
b 24 uh 685 1485 2679 158
b 25 uh 688 1251 2795 223
b 26 uh 670 1538 3264 292
b 27 uh 763 1522 2931 172
b 28 uh 667 1400 3017 212
b 29 uh 778 1422 3266 243
g 01 uh 740 1502 3001 200
g 02 uh 882 1623 3434 215
g 04 uh 784 1614 3392 275
g 05 uh 897 1494 2960 290
g 06 uh 754 1430 3034 218
g 07 uh 620 1579 2861 286
g 08 uh 695 1832 3000 303
g 09 uh 756 1579 3388 248
g 10 uh 880 1680 3280 222
g 11 uh 701 1563 3058 227
g 12 uh 796 1669 3254 226
g 13 uh 738 1626 3315 232
g 14 uh 633 1454 2986 259
g 15 uh 684 1732 3241 302
g 17 uh 782 1622 3171 215
g 18 uh 744 1854 3360 226
g 19 uh 885 1629 3430 184
g 20 uh 1045 1609 3456 210
g 21 uh 646 1578 3366 177
m 01 uw 374 931 2433 281
m 02 uw 319 938 2091 257
m 03 uw 360 953 2505 420
m 04 uw 422 1299 2347 288
m 06 uw 366 919 2378 231
m 07 uw 326 997 2384 231
m 08 uw 382 1058 2334 239
m 09 uw 384 1234 2418 296
m 10 uw 338 1087 2515 237
m 11 uw 319 936 2187 327
m 13 uw 371 793 2719 240
m 14 uw 379 1123 2383 260
m 16 uw 382 994 2372 183
m 17 uw 339 860 2013 210
m 18 uw 415 1016 2465 264
m 19 uw 455 1181 2616 226
m 20 uw 370 889 2324 284
m 21 uw 372 1010 2136 196
m 22 uw 387 1123 2426 275
m 23 uw 389 959 2441 230
m 24 uw 435 1137 2395 239
m 25 uw 372 972 2316 204
m 26 uw 374 921 2288 225
m 27 uw 371 950 2264 207
m 28 uw 377 888 2416 197
m 29 uw 401 980 2460 185
m 30 uw 313 861 2374 288
m 31 uw 379 982 2407 171
m 32 uw 402 809 2466 185
m 33 uw 373 931 2381 241
m 34 uw 377 1008 2308 244
m 35 uw 357 1130 2300 254
m 36 uw 388 982 2316 265
m 37 uw 409 846 2073 193
m 38 uw 377 1063 2238 195
m 39 uw 387 967 2257 250
m 40 uw 316 893 2385 205
m 41 uw 437 1085 2305 200
m 42 uw 435 1070 2416 256
m 44 uw 365 999 2270 219
m 45 uw 437 871 2393 245
m 47 uw 413 1193 2164 250
m 48 uw 378 893 2455 212
m 49 uw 374 887 2478 125
m 50 uw 389 1033 2375 222
w 01 uw 503 1068 2810 281
w 02 uw 435 1384 2804 409
w 03 uw 431 788 2717 271
w 04 uw 436 1415 2843 430
w 05 uw 455 994 2612 328
w 06 uw 437 1113 2676 311
w 07 uw 384 1084 2929 384
w 08 uw 503 1514 2816 287
w 09 uw 504 1096 2665 265
w 10 uw 473 1113 2626 351
w 11 uw 461 1627 2761 377
w 12 uw 477 998 2690 300
w 13 uw 445 1136 2692 298
w 14 uw 483 1117 2707 241
w 15 uw 466 778 2699 298
w 16 uw 440 1122 2856 268
w 17 uw 436 911 2724 266
w 19 uw 506 1030 2575 293
w 20 uw 360 1034 2731 283
w 21 uw 491 1260 2502 378
w 22 uw 391 971 2945 310
w 23 uw 431 1003 2366 363
w 24 uw 525 1065 2942 327
w 25 uw 448 1369 2921 382
w 26 uw 445 881 2580 333
w 27 uw 503 963 2776 234
w 28 uw 508 1001 2763 182
w 29 uw 510 917 2757 274
w 30 uw 502 1050 2695 274
w 31 uw 488 1119 2702 277
w 32 uw 477 1184 2610 242
w 33 uw 504 1068 3121 291
w 34 uw 483 938 2835 244
w 35 uw 448 1463 2693 294
w 36 uw 438 1711 2636 405
w 37 uw 437 1178 2852 406
w 38 uw 504 1041 2838 277
w 39 uw 429 827 2719 266
w 40 uw 438 1078 2774 296
w 41 uw 450 916 2959 235
w 42 uw 474 974 2540 272
w 44 uw 430 954 2491 346
w 45 uw 415 1001 2556 340
w 46 uw 362 1351 2879 302
w 47 uw 482 987 2781 272
w 48 uw 458 1163 2651 265
w 49 uw 467 993 2802 248
w 50 uw 491 1317 2680 308
b 01 uw 502 1540 3176 253
b 02 uw 559 1312 2870 327
b 03 uw 506 2378 2991 304
b 04 uw 503 1104 3346 292
b 05 uw 481 1226 3131 260
b 07 uw 609 1658 2644 303
b 08 uw 440 1124 3117 262
b 09 uw 503 1119 3100 211
b 10 uw 463 1676 2976 275
b 11 uw 430 1448 2896 246
b 12 uw 503 1255 3105 313
b 13 uw 435 1312 2715 233
b 14 uw 418 940 2567 263
b 15 uw 548 1123 3152 324
b 16 uw 491 1467 2936 274
b 17 uw 505 1296 2619 228
b 18 uw 548 1377 2702 269
b 19 uw 550 1114 3012 270
b 21 uw 504 997 2826 320
b 22 uw 504 1515 2952 243
b 23 uw 557 NaN 3111 251
b 24 uw 438 1336 3117 214
b 25 uw 436 1170 NaN 286
b 26 uw 449 916 3002 320
b 27 uw 495 1283 3033 233
b 28 uw 434 1297 2694 255
b 29 uw 498 1509 2866 302
g 01 uw 500 1724 2988 327
g 02 uw 435 1059 3389 236
g 04 uw 556 1736 3005 300
g 05 uw 437 1733 3208 378
g 06 uw 480 1011 2574 246
g 07 uw 503 821 2874 367
g 08 uw 540 1653 2799 315
g 09 uw 568 1508 2987 307
g 10 uw 460 1422 3099 318
g 11 uw 460 1291 3010 324
g 12 uw 540 1998 3104 273
g 13 uw 527 1407 3253 286
g 14 uw 486 968 2756 304
g 15 uw 496 1739 2873 368
g 17 uw 490 2179 3131 245
g 18 uw 435 1829 3316 315
g 19 uw 497 1334 3067 192
g 20 uw 498 1740 3291 248
g 21 uw 446 1533 3269 227
