gender id vowel accuracy iy ih ei eh ae ah aw oa oo uw uh er vote
m 01 ae 95.0 0 0 0 1 19 0 0 0 0 0 0 0 ae
m 01 ah 95.0 0 0 0 0 0 19 1 0 0 0 0 0 ah
m 01 aw 95.0 0 0 0 0 0 1 19 0 0 0 0 0 aw
m 01 eh 100.0 0 0 0 20 0 0 0 0 0 0 0 0 eh
m 01 ei 100.0 0 0 20 0 0 0 0 0 0 0 0 0 ei
m 01 er 100.0 0 0 0 0 0 0 0 0 0 0 0 20 er
m 01 ih 100.0 0 20 0 0 0 0 0 0 0 0 0 0 ih
m 01 iy 100.0 20 0 0 0 0 0 0 0 0 0 0 0 iy
m 01 oa 100.0 0 0 0 0 0 0 0 20 0 0 0 0 oa
m 01 oo 100.0 0 0 0 0 0 0 0 0 20 0 0 0 oo
m 01 uh 95.0 0 0 0 0 0 0 0 0 1 0 19 0 uh
m 01 uw 100.0 0 0 0 0 0 0 0 0 0 20 0 0 uw
m 02 ae 95.0 0 0 0 1 19 0 0 0 0 0 0 0 ae
m 02 ah 95.0 0 0 0 0 0 19 1 0 0 0 0 0 ah
m 02 aw 95.0 0 0 0 0 0 1 19 0 0 0 0 0 aw
m 02 eh 95.0 0 0 0 19 1 0 0 0 0 0 0 0 eh
m 02 ei 100.0 0 0 20 0 0 0 0 0 0 0 0 0 ei
m 02 er 100.0 0 0 0 0 0 0 0 0 0 0 0 20 er
m 02 ih 100.0 0 20 0 0 0 0 0 0 0 0 0 0 ih
m 02 iy 95.0 19 0 1 0 0 0 0 0 0 0 0 0 iy
m 02 oa 100.0 0 0 0 0 0 0 0 20 0 0 0 0 oa
m 02 oo 100.0 0 0 0 0 0 0 0 0 20 0 0 0 oo
m 02 uh 65.0 0 0 0 0 0 0 7 0 0 0 13 0 uh
m 02 uw 100.0 0 0 0 0 0 0 0 0 0 20 0 0 uw
m 03 ae 95.0 0 0 0 1 19 0 0 0 0 0 0 0 ae
m 03 ah 70.0 0 0 0 0 0 14 6 0 0 0 0 0 ah
m 03 aw 95.0 0 0 0 0 0 1 19 0 0 0 0 0 aw
m 03 eh 65.0 0 0 0 13 7 0 0 0 0 0 0 0 eh
m 03 ei 100.0 0 0 20 0 0 0 0 0 0 0 0 0 ei
m 03 er 100.0 0 0 0 0 0 0 0 0 0 0 0 20 er
m 03 ih 95.0 0 19 0 1 0 0 0 0 0 0 0 0 ih
m 03 iy 100.0 20 0 0 0 0 0 0 0 0 0 0 0 iy
m 03 oa 100.0 0 0 0 0 0 0 0 20 0 0 0 0 oa
m 03 oo 100.0 0 0 0 0 0 0 0 0 20 0 0 0 oo
m 03 uh 50.0 0 0 0 0 0 4 6 0 0 0 10 0 uh
m 03 uw 100.0 0 0 0 0 0 0 0 0 0 20 0 0 uw
m 04 ae 100.0 0 0 0 0 20 0 0 0 0 0 0 0 ae
m 04 ah 90.0 0 0 0 0 0 18 2 0 0 0 0 0 ah
m 04 aw 100.0 0 0 0 0 0 0 20 0 0 0 0 0 aw
m 04 eh 30.0 0 0 0 6 14 0 0 0 0 0 0 0 ae
m 04 ei 100.0 0 0 20 0 0 0 0 0 0 0 0 0 ei
m 04 er 100.0 0 0 0 0 0 0 0 0 0 0 0 20 er
m 04 ih 100.0 0 20 0 0 0 0 0 0 0 0 0 0 ih
m 04 iy 100.0 20 0 0 0 0 0 0 0 0 0 0 0 iy
m 04 oa 100.0 0 0 0 0 0 0 0 20 0 0 0 0 oa
m 04 oo 90.0 0 0 0 0 0 0 0 0 18 2 0 0 oo
m 04 uh 50.0 0 0 0 0 0 4 6 0 0 0 10 0 uh
m 04 uw 100.0 0 0 0 0 0 0 0 0 0 20 0 0 uw
m 06 ae 100.0 0 0 0 0 20 0 0 0 0 0 0 0 ae
m 06 ah 100.0 0 0 0 0 0 20 0 0 0 0 0 0 ah
m 06 aw 85.0 0 0 0 0 0 3 17 0 0 0 0 0 aw
m 06 eh 100.0 0 0 0 20 0 0 0 0 0 0 0 0 eh
m 06 ei 100.0 0 0 20 0 0 0 0 0 0 0 0 0 ei
m 06 er 100.0 0 0 0 0 0 0 0 0 0 0 0 20 er
m 06 ih 95.0 0 19 0 0 0 0 0 1 0 0 0 0 ih
m 06 iy 100.0 20 0 0 0 0 0 0 0 0 0 0 0 iy
m 06 oa 100.0 0 0 0 0 0 0 0 20 0 0 0 0 oa
m 06 oo 100.0 0 0 0 0 0 0 0 0 20 0 0 0 oo
m 06 uh 95.0 0 0 0 0 0 0 0 0 1 0 19 0 uh
m 06 uw 100.0 0 0 0 0 0 0 0 0 0 20 0 0 uw
m 07 ae 100.0 0 0 0 0 20 0 0 0 0 0 0 0 ae
m 07 ah 100.0 0 0 0 0 0 20 0 0 0 0 0 0 ah
m 07 aw 90.0 0 0 0 0 0 2 18 0 0 0 0 0 aw
m 07 eh 100.0 0 0 0 20 0 0 0 0 0 0 0 0 eh
m 07 ei 100.0 0 0 20 0 0 0 0 0 0 0 0 0 ei
m 07 er 100.0 0 0 0 0 0 0 0 0 0 0 0 20 er
m 07 ih 100.0 0 20 0 0 0 0 0 0 0 0 0 0 ih
m 07 iy 100.0 20 0 0 0 0 0 0 0 0 0 0 0 iy
m 07 oa 100.0 0 0 0 0 0 0 0 20 0 0 0 0 oa
m 07 oo 95.0 0 0 0 0 0 0 0 0 19 1 0 0 oo
m 07 uh 95.0 0 0 0 0 0 1 0 0 0 0 19 0 uh
m 07 uw 100.0 0 0 0 0 0 0 0 0 0 20 0 0 uw
m 08 ae 100.0 0 0 0 0 20 0 0 0 0 0 0 0 ae
m 08 ah 100.0 0 0 0 0 0 20 0 0 0 0 0 0 ah
m 08 aw 95.0 0 0 0 0 0 1 19 0 0 0 0 0 aw
m 08 eh 65.0 0 0 0 13 7 0 0 0 0 0 0 0 eh
m 08 ei 100.0 0 0 20 0 0 0 0 0 0 0 0 0 ei
m 08 er 100.0 0 0 0 0 0 0 0 0 0 0 0 20 er
m 08 ih 100.0 0 20 0 0 0 0 0 0 0 0 0 0 ih
m 08 iy 95.0 19 0 1 0 0 0 0 0 0 0 0 0 iy
m 08 oa 100.0 0 0 0 0 0 0 0 20 0 0 0 0 oa
m 08 oo 100.0 0 0 0 0 0 0 0 0 20 0 0 0 oo
m 08 uh 95.0 0 0 0 0 0 0 0 0 1 0 19 0 uh
m 08 uw 95.0 0 0 0 0 0 0 0 0 1 19 0 0 uw
m 09 ae 75.0 0 0 0 5 15 0 0 0 0 0 0 0 ae
m 09 ah 100.0 0 0 0 0 0 20 0 0 0 0 0 0 ah
m 09 aw 90.0 0 0 0 0 0 1 18 0 0 0 1 0 aw
m 09 eh 100.0 0 0 0 20 0 0 0 0 0 0 0 0 eh
m 09 ei 100.0 0 0 20 0 0 0 0 0 0 0 0 0 ei
m 09 er 100.0 0 0 0 0 0 0 0 0 0 0 0 20 er
m 09 ih 100.0 0 20 0 0 0 0 0 0 0 0 0 0 ih
m 09 iy 100.0 20 0 0 0 0 0 0 0 0 0 0 0 iy
m 09 oa 100.0 0 0 0 0 0 0 0 20 0 0 0 0 oa
m 09 oo 95.0 0 0 0 0 0 0 0 0 19 1 0 0 oo
m 09 uh 90.0 0 0 0 0 0 0 0 0 2 0 18 0 uh
m 09 uw 100.0 0 0 0 0 0 0 0 0 0 20 0 0 uw
m 10 ae 100.0 0 0 0 0 20 0 0 0 0 0 0 0 ae
m 10 ah 85.0 0 0 0 0 0 17 2 0 0 0 0 1 ah
m 10 aw 95.0 0 0 0 0 0 1 19 0 0 0 0 0 aw
m 10 eh 95.0 0 0 0 19 0 0 0 0 1 0 0 0 eh
m 10 ei 100.0 0 0 20 0 0 0 0 0 0 0 0 0 ei
m 10 er 100.0 0 0 0 0 0 0 0 0 0 0 0 20 er
m 10 ih 100.0 0 20 0 0 0 0 0 0 0 0 0 0 ih
m 10 iy 100.0 20 0 0 0 0 0 0 0 0 0 0 0 iy
m 10 oa 100.0 0 0 0 0 0 0 0 20 0 0 0 0 oa
m 10 oo 90.0 0 0 0 0 0 0 0 0 18 2 0 0 oo
m 10 uh 90.0 0 0 0 0 0 2 0 0 0 0 18 0 uh
m 10 uw 100.0 0 0 0 0 0 0 0 0 0 20 0 0 uw
m 11 ae 100.0 0 0 0 0 20 0 0 0 0 0 0 0 ae
m 11 ah 100.0 0 0 0 0 0 20 0 0 0 0 0 0 ah
m 11 aw 55.0 0 0 0 0 0 9 11 0 0 0 0 0 aw
m 11 eh 90.0 0 0 0 18 2 0 0 0 0 0 0 0 eh
m 11 ei 100.0 0 0 20 0 0 0 0 0 0 0 0 0 ei
m 11 er 100.0 0 0 0 0 0 0 0 0 0 0 0 20 er
m 11 ih 100.0 0 20 0 0 0 0 0 0 0 0 0 0 ih
m 11 iy 100.0 20 0 0 0 0 0 0 0 0 0 0 0 iy
m 11 oa 100.0 0 0 0 0 0 0 0 20 0 0 0 0 oa
m 11 oo 95.0 0 0 0 0 0 0 0 0 19 0 0 1 oo
m 11 uh 90.0 0 0 0 0 0 0 1 0 1 0 18 0 uh
m 11 uw 100.0 0 0 0 0 0 0 0 0 0 20 0 0 uw
m 13 ae 100.0 0 0 0 0 20 0 0 0 0 0 0 0 ae
m 13 ah 100.0 0 0 0 0 0 20 0 0 0 0 0 0 ah
m 13 aw 90.0 0 0 0 0 0 2 18 0 0 0 0 0 aw
m 13 eh 65.0 0 0 0 13 7 0 0 0 0 0 0 0 eh
m 13 ei 95.0 0 0 19 0 0 1 0 0 0 0 0 0 ei
m 13 er 100.0 0 0 0 0 0 0 0 0 0 0 0 20 er
m 13 ih 100.0 0 20 0 0 0 0 0 0 0 0 0 0 ih
m 13 iy 100.0 20 0 0 0 0 0 0 0 0 0 0 0 iy
m 13 oa 100.0 0 0 0 0 0 0 0 20 0 0 0 0 oa
m 13 oo 100.0 0 0 0 0 0 0 0 0 20 0 0 0 oo
m 13 uh 100.0 0 0 0 0 0 0 0 0 0 0 20 0 uh
m 13 uw 75.0 0 0 0 0 0 0 0 4 1 15 0 0 uw
m 14 ae 100.0 0 0 0 0 20 0 0 0 0 0 0 0 ae
m 14 ah 100.0 0 0 0 0 0 20 0 0 0 0 0 0 ah
m 14 aw 95.0 0 0 0 0 0 1 19 0 0 0 0 0 aw
m 14 eh 100.0 0 0 0 20 0 0 0 0 0 0 0 0 eh
m 14 ei 95.0 0 0 19 1 0 0 0 0 0 0 0 0 ei
m 14 er 100.0 0 0 0 0 0 0 0 0 0 0 0 20 er
m 14 ih 100.0 0 20 0 0 0 0 0 0 0 0 0 0 ih
m 14 iy 100.0 20 0 0 0 0 0 0 0 0 0 0 0 iy
m 14 oa 100.0 0 0 0 0 0 0 0 20 0 0 0 0 oa
m 14 oo 100.0 0 0 0 0 0 0 0 0 20 0 0 0 oo
m 14 uh 85.0 0 0 0 0 0 2 1 0 0 0 17 0 uh
m 14 uw 100.0 0 0 0 0 0 0 0 0 0 20 0 0 uw
m 16 ae 95.0 0 0 0 1 19 0 0 0 0 0 0 0 ae
m 16 ah 25.0 0 0 0 0 0 5 1 0 0 0 14 0 uh
m 16 aw 65.0 0 0 0 0 0 1 13 0 0 0 6 0 aw
m 16 eh 95.0 0 0 0 19 0 0 1 0 0 0 0 0 eh
m 16 ei 95.0 0 0 19 0 0 0 1 0 0 0 0 0 ei
m 16 er 100.0 0 0 0 0 0 0 0 0 0 0 0 20 er
m 16 ih 100.0 0 20 0 0 0 0 0 0 0 0 0 0 ih
m 16 iy 95.0 19 0 0 0 0 0 0 0 0 1 0 0 iy
m 16 oa 100.0 0 0 0 0 0 0 0 20 0 0 0 0 oa
m 16 oo 100.0 0 0 0 0 0 0 0 0 20 0 0 0 oo
m 16 uh 95.0 0 0 0 0 0 0 0 0 1 0 19 0 uh
m 16 uw 100.0 0 0 0 0 0 0 0 0 0 20 0 0 uw
m 17 ae 75.0 0 0 0 5 15 0 0 0 0 0 0 0 ae
m 17 ah 75.0 0 0 0 0 0 15 4 0 0 0 1 0 ah
m 17 aw 100.0 0 0 0 0 0 0 20 0 0 0 0 0 aw
m 17 eh 100.0 0 0 0 20 0 0 0 0 0 0 0 0 eh
m 17 ei 100.0 0 0 20 0 0 0 0 0 0 0 0 0 ei
m 17 er 100.0 0 0 0 0 0 0 0 0 0 0 0 20 er
m 17 ih 100.0 0 20 0 0 0 0 0 0 0 0 0 0 ih
m 17 iy 100.0 20 0 0 0 0 0 0 0 0 0 0 0 iy
m 17 oa 100.0 0 0 0 0 0 0 0 20 0 0 0 0 oa
m 17 oo 95.0 0 0 0 0 0 0 0 0 19 1 0 0 oo
m 17 uh 100.0 0 0 0 0 0 0 0 0 0 0 20 0 uh
m 17 uw 100.0 0 0 0 0 0 0 0 0 0 20 0 0 uw
m 18 ae 95.0 0 0 0 1 19 0 0 0 0 0 0 0 ae
m 18 ah 95.0 0 0 0 0 0 19 1 0 0 0 0 0 ah
m 18 aw 100.0 0 0 0 0 0 0 20 0 0 0 0 0 aw
m 18 eh 100.0 0 0 0 20 0 0 0 0 0 0 0 0 eh
m 18 ei 100.0 0 0 20 0 0 0 0 0 0 0 0 0 ei
m 18 er 100.0 0 0 0 0 0 0 0 0 0 0 0 20 er
m 18 ih 90.0 0 18 0 2 0 0 0 0 0 0 0 0 ih
m 18 iy 100.0 20 0 0 0 0 0 0 0 0 0 0 0 iy
m 18 oa 95.0 0 0 0 0 0 0 0 19 0 0 1 0 oa
m 18 oo 100.0 0 0 0 0 0 0 0 0 20 0 0 0 oo
m 18 uh 100.0 0 0 0 0 0 0 0 0 0 0 20 0 uh
m 18 uw 100.0 0 0 0 0 0 0 0 0 0 20 0 0 uw
m 19 ae 80.0 0 0 0 4 16 0 0 0 0 0 0 0 ae
m 19 ah 90.0 0 0 0 0 0 18 1 0 0 0 1 0 ah
m 19 aw 70.0 0 0 0 0 0 2 14 0 1 0 3 0 aw
m 19 eh 100.0 0 0 0 20 0 0 0 0 0 0 0 0 eh
m 19 ei 95.0 0 0 19 1 0 0 0 0 0 0 0 0 ei
m 19 er 100.0 0 0 0 0 0 0 0 0 0 0 0 20 er
m 19 ih 100.0 0 20 0 0 0 0 0 0 0 0 0 0 ih
m 19 iy 100.0 20 0 0 0 0 0 0 0 0 0 0 0 iy
m 19 oa 100.0 0 0 0 0 0 0 0 20 0 0 0 0 oa
m 19 oo 95.0 0 0 0 0 0 0 0 0 19 1 0 0 oo
m 19 uh 100.0 0 0 0 0 0 0 0 0 0 0 20 0 uh
m 19 uw 95.0 0 0 0 0 0 0 0 0 1 19 0 0 uw
m 20 ae 100.0 0 0 0 0 20 0 0 0 0 0 0 0 ae
m 20 ah 95.0 0 0 0 0 1 19 0 0 0 0 0 0 ah
m 20 aw 80.0 0 0 0 0 0 2 16 0 0 0 2 0 aw
m 20 eh 95.0 0 0 0 19 1 0 0 0 0 0 0 0 eh
m 20 ei 100.0 0 0 20 0 0 0 0 0 0 0 0 0 ei
m 20 er 100.0 0 0 0 0 0 0 0 0 0 0 0 20 er
m 20 ih 90.0 0 18 0 2 0 0 0 0 0 0 0 0 ih
m 20 iy 100.0 20 0 0 0 0 0 0 0 0 0 0 0 iy
m 20 oa 100.0 0 0 0 0 0 0 0 20 0 0 0 0 oa
m 20 oo 100.0 0 0 0 0 0 0 0 0 20 0 0 0 oo
m 20 uh 100.0 0 0 0 0 0 0 0 0 0 0 20 0 uh
m 20 uw 100.0 0 0 0 0 0 0 0 0 0 20 0 0 uw
m 21 ae 95.0 0 0 0 1 19 0 0 0 0 0 0 0 ae
m 21 ah 95.0 0 0 0 0 0 19 0 0 0 0 1 0 ah
m 21 aw 95.0 0 0 0 0 0 1 19 0 0 0 0 0 aw
m 21 eh 100.0 0 0 0 20 0 0 0 0 0 0 0 0 eh
m 21 ei 100.0 0 0 20 0 0 0 0 0 0 0 0 0 ei
m 21 er 100.0 0 0 0 0 0 0 0 0 0 0 0 20 er
m 21 ih 100.0 0 20 0 0 0 0 0 0 0 0 0 0 ih
m 21 iy 100.0 20 0 0 0 0 0 0 0 0 0 0 0 iy
m 21 oa 100.0 0 0 0 0 0 0 0 20 0 0 0 0 oa
m 21 oo 100.0 0 0 0 0 0 0 0 0 20 0 0 0 oo
m 21 uh 90.0 0 0 0 0 0 1 0 0 1 0 18 0 uh
m 21 uw 100.0 0 0 0 0 0 0 0 0 0 20 0 0 uw
m 22 ae 100.0 0 0 0 0 20 0 0 0 0 0 0 0 ae
m 22 ah 100.0 0 0 0 0 0 20 0 0 0 0 0 0 ah
m 22 aw 45.0 0 0 0 0 0 11 9 0 0 0 0 0 ah
m 22 eh 100.0 0 0 0 20 0 0 0 0 0 0 0 0 eh
m 22 ei 100.0 0 0 20 0 0 0 0 0 0 0 0 0 ei
m 22 er 100.0 0 0 0 0 0 0 0 0 0 0 0 20 er
m 22 ih 85.0 0 17 0 3 0 0 0 0 0 0 0 0 ih
m 22 iy 100.0 20 0 0 0 0 0 0 0 0 0 0 0 iy
m 22 oa 100.0 0 0 0 0 0 0 0 20 0 0 0 0 oa
m 22 oo 100.0 0 0 0 0 0 0 0 0 20 0 0 0 oo
m 22 uh 95.0 0 0 0 0 0 0 1 0 0 0 19 0 uh
m 22 uw 95.0 0 0 0 0 0 0 0 1 0 19 0 0 uw
m 23 ae 100.0 0 0 0 0 20 0 0 0 0 0 0 0 ae
m 23 ah 95.0 0 0 0 0 0 19 1 0 0 0 0 0 ah
m 23 aw 95.0 0 0 0 0 0 1 19 0 0 0 0 0 aw
m 23 eh 80.0 0 0 0 16 4 0 0 0 0 0 0 0 eh
m 23 ei 100.0 0 0 20 0 0 0 0 0 0 0 0 0 ei
m 23 er 100.0 0 0 0 0 0 0 0 0 0 0 0 20 er
m 23 ih 95.0 0 19 0 1 0 0 0 0 0 0 0 0 ih
m 23 iy 100.0 20 0 0 0 0 0 0 0 0 0 0 0 iy
m 23 oa 95.0 0 0 0 1 0 0 0 19 0 0 0 0 oa
m 23 oo 90.0 0 0 0 0 0 0 0 0 18 0 2 0 oo
m 23 uh 85.0 0 0 0 0 0 1 2 0 0 0 17 0 uh
m 23 uw 100.0 0 0 0 0 0 0 0 0 0 20 0 0 uw
m 24 ae 100.0 0 0 0 0 20 0 0 0 0 0 0 0 ae
m 24 ah 100.0 0 0 0 0 0 20 0 0 0 0 0 0 ah
m 24 aw 45.0 0 0 0 0 0 11 9 0 0 0 0 0 ah
m 24 eh 100.0 0 0 0 20 0 0 0 0 0 0 0 0 eh
m 24 ei 100.0 0 0 20 0 0 0 0 0 0 0 0 0 ei
m 24 er 100.0 0 0 0 0 0 0 0 0 0 0 0 20 er
m 24 ih 50.0 0 10 0 10 0 0 0 0 0 0 0 0 ih
m 24 iy 100.0 20 0 0 0 0 0 0 0 0 0 0 0 iy
m 24 oa 95.0 0 0 0 0 0 0 0 19 1 0 0 0 oa
m 24 oo 100.0 0 0 0 0 0 0 0 0 20 0 0 0 oo
m 24 uh 100.0 0 0 0 0 0 0 0 0 0 0 20 0 uh
m 24 uw 85.0 0 0 0 0 0 0 0 0 3 17 0 0 uw
m 25 ae 100.0 0 0 0 0 20 0 0 0 0 0 0 0 ae
m 25 ah 95.0 0 0 0 0 0 19 0 0 0 0 1 0 ah
m 25 aw 95.0 0 0 0 0 0 1 19 0 0 0 0 0 aw
m 25 eh 100.0 0 0 0 20 0 0 0 0 0 0 0 0 eh
m 25 ei 100.0 0 0 20 0 0 0 0 0 0 0 0 0 ei
m 25 er 95.0 0 1 0 0 0 0 0 0 0 0 0 19 er
m 25 ih 100.0 0 20 0 0 0 0 0 0 0 0 0 0 ih
m 25 iy 100.0 20 0 0 0 0 0 0 0 0 0 0 0 iy
m 25 oa 100.0 0 0 0 0 0 0 0 20 0 0 0 0 oa
m 25 oo 90.0 0 0 0 0 0 0 0 0 18 0 2 0 oo
m 25 uh 80.0 0 0 0 0 0 3 0 0 0 0 16 1 uh
m 25 uw 100.0 0 0 0 0 0 0 0 0 0 20 0 0 uw
m 26 ae 95.0 0 0 0 1 19 0 0 0 0 0 0 0 ae
m 26 ah 95.0 0 0 0 0 1 19 0 0 0 0 0 0 ah
m 26 aw 80.0 0 0 0 0 0 4 16 0 0 0 0 0 aw
m 26 eh 95.0 0 0 0 19 1 0 0 0 0 0 0 0 eh
m 26 ei 100.0 0 0 20 0 0 0 0 0 0 0 0 0 ei
m 26 er 100.0 0 0 0 0 0 0 0 0 0 0 0 20 er
m 26 ih 100.0 0 20 0 0 0 0 0 0 0 0 0 0 ih
m 26 iy 100.0 20 0 0 0 0 0 0 0 0 0 0 0 iy
m 26 oa 100.0 0 0 0 0 0 0 0 20 0 0 0 0 oa
m 26 oo 100.0 0 0 0 0 0 0 0 0 20 0 0 0 oo
m 26 uh 100.0 0 0 0 0 0 0 0 0 0 0 20 0 uh
m 26 uw 95.0 0 0 0 0 0 0 0 0 1 19 0 0 uw
m 27 ae 100.0 0 0 0 0 20 0 0 0 0 0 0 0 ae
m 27 ah 100.0 0 0 0 0 0 20 0 0 0 0 0 0 ah
m 27 aw 90.0 0 0 0 0 0 2 18 0 0 0 0 0 aw
m 27 eh 85.0 0 0 0 17 2 0 1 0 0 0 0 0 eh
m 27 ei 100.0 0 0 20 0 0 0 0 0 0 0 0 0 ei
m 27 er 95.0 0 0 0 0 1 0 0 0 0 0 0 19 er
m 27 ih 100.0 0 20 0 0 0 0 0 0 0 0 0 0 ih
m 27 iy 100.0 20 0 0 0 0 0 0 0 0 0 0 0 iy
m 27 oa 100.0 0 0 0 0 0 0 0 20 0 0 0 0 oa
m 27 oo 100.0 0 0 0 0 0 0 0 0 20 0 0 0 oo
m 27 uh 100.0 0 0 0 0 0 0 0 0 0 0 20 0 uh
m 27 uw 100.0 0 0 0 0 0 0 0 0 0 20 0 0 uw
m 28 ae 60.0 0 0 0 8 12 0 0 0 0 0 0 0 ae
m 28 ah 85.0 0 0 0 0 0 17 3 0 0 0 0 0 ah
m 28 aw 85.0 0 0 0 0 0 0 17 0 0 0 3 0 aw
m 28 eh 100.0 0 0 0 20 0 0 0 0 0 0 0 0 eh
m 28 ei 100.0 0 0 20 0 0 0 0 0 0 0 0 0 ei
m 28 er 100.0 0 0 0 0 0 0 0 0 0 0 0 20 er
m 28 ih 100.0 0 20 0 0 0 0 0 0 0 0 0 0 ih
m 28 iy 100.0 20 0 0 0 0 0 0 0 0 0 0 0 iy
m 28 oa 100.0 0 0 0 0 0 0 0 20 0 0 0 0 oa
m 28 oo 95.0 0 0 0 0 0 0 0 0 19 1 0 0 oo
m 28 uh 100.0 0 0 0 0 0 0 0 0 0 0 20 0 uh
m 28 uw 100.0 0 0 0 0 0 0 0 0 0 20 0 0 uw
m 29 ae 100.0 0 0 0 0 20 0 0 0 0 0 0 0 ae
m 29 ah 100.0 0 0 0 0 0 20 0 0 0 0 0 0 ah
m 29 aw 40.0 0 0 0 1 0 11 8 0 0 0 0 0 ah
m 29 eh 100.0 0 0 0 20 0 0 0 0 0 0 0 0 eh
m 29 ei 100.0 0 0 20 0 0 0 0 0 0 0 0 0 ei
m 29 er 100.0 0 0 0 0 0 0 0 0 0 0 0 20 er
m 29 ih 100.0 0 20 0 0 0 0 0 0 0 0 0 0 ih
m 29 iy 100.0 20 0 0 0 0 0 0 0 0 0 0 0 iy
m 29 oa 100.0 0 0 0 0 0 0 0 20 0 0 0 0 oa
m 29 oo 100.0 0 0 0 0 0 0 0 0 20 0 0 0 oo
m 29 uh 100.0 0 0 0 0 0 0 0 0 0 0 20 0 uh
m 29 uw 100.0 0 0 0 0 0 0 0 0 0 20 0 0 uw
m 30 ae 95.0 0 0 0 1 19 0 0 0 0 0 0 0 ae
m 30 ah 90.0 0 0 0 0 0 18 0 0 0 0 2 0 ah
m 30 aw 95.0 0 0 0 0 0 0 19 0 0 0 1 0 aw
m 30 eh 100.0 0 0 0 20 0 0 0 0 0 0 0 0 eh
m 30 ei 100.0 0 0 20 0 0 0 0 0 0 0 0 0 ei
m 30 er 100.0 0 0 0 0 0 0 0 0 0 0 0 20 er
m 30 ih 100.0 0 20 0 0 0 0 0 0 0 0 0 0 ih
m 30 iy 100.0 20 0 0 0 0 0 0 0 0 0 0 0 iy
m 30 oa 100.0 0 0 0 0 0 0 0 20 0 0 0 0 oa
m 30 oo 100.0 0 0 0 0 0 0 0 0 20 0 0 0 oo
m 30 uh 80.0 0 0 0 0 0 0 0 0 4 0 16 0 uh
m 30 uw 100.0 0 0 0 0 0 0 0 0 0 20 0 0 uw
m 31 ae 25.0 0 0 0 15 5 0 0 0 0 0 0 0 eh
m 31 ah 65.0 0 0 0 0 1 13 0 0 0 0 6 0 ah
m 31 aw 30.0 0 0 0 0 0 3 6 0 0 0 11 0 uh
m 31 eh 100.0 0 0 0 20 0 0 0 0 0 0 0 0 eh
m 31 ei 100.0 0 0 20 0 0 0 0 0 0 0 0 0 ei
m 31 er 100.0 0 0 0 0 0 0 0 0 0 0 0 20 er
m 31 ih 100.0 0 20 0 0 0 0 0 0 0 0 0 0 ih
m 31 iy 100.0 20 0 0 0 0 0 0 0 0 0 0 0 iy
m 31 oa 100.0 0 0 0 0 0 0 0 20 0 0 0 0 oa
m 31 oo 95.0 0 0 0 0 0 0 0 0 19 0 1 0 oo
m 31 uh 100.0 0 0 0 0 0 0 0 0 0 0 20 0 uh
m 31 uw 100.0 0 0 0 0 0 0 0 0 0 20 0 0 uw
m 32 ae 95.0 0 0 0 1 19 0 0 0 0 0 0 0 ae
m 32 ah 95.0 0 0 0 0 0 19 0 0 0 0 1 0 ah
m 32 aw 70.0 0 0 0 0 0 1 14 0 0 0 5 0 aw
m 32 eh 100.0 0 0 0 20 0 0 0 0 0 0 0 0 eh
m 32 ei 100.0 0 0 20 0 0 0 0 0 0 0 0 0 ei
m 32 er 100.0 0 0 0 0 0 0 0 0 0 0 0 20 er
m 32 ih 100.0 0 20 0 0 0 0 0 0 0 0 0 0 ih
m 32 iy 100.0 20 0 0 0 0 0 0 0 0 0 0 0 iy
m 32 oa 100.0 0 0 0 0 0 0 0 20 0 0 0 0 oa
m 32 oo 100.0 0 0 0 0 0 0 0 0 20 0 0 0 oo
m 32 uh 95.0 0 0 0 0 0 0 1 0 0 0 19 0 uh
m 32 uw 85.0 0 0 0 0 0 0 0 1 2 17 0 0 uw
m 33 ae 95.0 0 0 0 1 19 0 0 0 0 0 0 0 ae
m 33 ah 100.0 0 0 0 0 0 20 0 0 0 0 0 0 ah
m 33 aw 85.0 0 0 0 0 0 3 17 0 0 0 0 0 aw
m 33 eh 100.0 0 0 0 20 0 0 0 0 0 0 0 0 eh
m 33 ei 100.0 0 0 20 0 0 0 0 0 0 0 0 0 ei
m 33 er 100.0 0 0 0 0 0 0 0 0 0 0 0 20 er
m 33 ih 100.0 0 20 0 0 0 0 0 0 0 0 0 0 ih
m 33 iy 100.0 20 0 0 0 0 0 0 0 0 0 0 0 iy
m 33 oa 100.0 0 0 0 0 0 0 0 20 0 0 0 0 oa
m 33 oo 100.0 0 0 0 0 0 0 0 0 20 0 0 0 oo
m 33 uh 100.0 0 0 0 0 0 0 0 0 0 0 20 0 uh
m 33 uw 90.0 0 0 0 0 0 0 0 1 0 18 0 1 uw
m 34 ae 35.0 0 0 0 13 7 0 0 0 0 0 0 0 eh
m 34 ah 100.0 0 0 0 0 0 20 0 0 0 0 0 0 ah
m 34 aw 95.0 0 0 0 0 0 0 19 0 0 0 1 0 aw
m 34 eh 100.0 0 0 0 20 0 0 0 0 0 0 0 0 eh
m 34 ei 100.0 0 0 20 0 0 0 0 0 0 0 0 0 ei
m 34 er 100.0 0 0 0 0 0 0 0 0 0 0 0 20 er
m 34 ih 100.0 0 20 0 0 0 0 0 0 0 0 0 0 ih
m 34 iy 95.0 19 0 0 0 0 0 0 0 1 0 0 0 iy
m 34 oa 100.0 0 0 0 0 0 0 0 20 0 0 0 0 oa
m 34 oo 100.0 0 0 0 0 0 0 0 0 20 0 0 0 oo
m 34 uh 95.0 0 0 0 0 0 0 0 0 0 1 19 0 uh
m 34 uw 95.0 0 0 0 0 0 0 0 1 0 19 0 0 uw
m 35 ae 95.0 0 0 0 1 19 0 0 0 0 0 0 0 ae
m 35 ah 90.0 0 0 0 0 1 18 1 0 0 0 0 0 ah
m 35 aw 95.0 0 0 0 0 0 1 19 0 0 0 0 0 aw
m 35 eh 100.0 0 0 0 20 0 0 0 0 0 0 0 0 eh
m 35 ei 100.0 0 0 20 0 0 0 0 0 0 0 0 0 ei
m 35 er 95.0 1 0 0 0 0 0 0 0 0 0 0 19 er
m 35 ih 100.0 0 20 0 0 0 0 0 0 0 0 0 0 ih
m 35 iy 100.0 20 0 0 0 0 0 0 0 0 0 0 0 iy
m 35 oa 100.0 0 0 0 0 0 0 0 20 0 0 0 0 oa
m 35 oo 95.0 0 0 0 0 0 0 0 0 19 1 0 0 oo
m 35 uh 100.0 0 0 0 0 0 0 0 0 0 0 20 0 uh
m 35 uw 100.0 0 0 0 0 0 0 0 0 0 20 0 0 uw
m 36 ae 90.0 0 0 0 2 18 0 0 0 0 0 0 0 ae
m 36 ah 100.0 0 0 0 0 0 20 0 0 0 0 0 0 ah
m 36 aw 95.0 0 0 0 0 0 1 19 0 0 0 0 0 aw
m 36 eh 90.0 0 0 0 18 2 0 0 0 0 0 0 0 eh
m 36 ei 90.0 0 1 18 1 0 0 0 0 0 0 0 0 ei
m 36 er 100.0 0 0 0 0 0 0 0 0 0 0 0 20 er
m 36 ih 100.0 0 20 0 0 0 0 0 0 0 0 0 0 ih
m 36 iy 100.0 20 0 0 0 0 0 0 0 0 0 0 0 iy
m 36 oa 100.0 0 0 0 0 0 0 0 20 0 0 0 0 oa
m 36 oo 100.0 0 0 0 0 0 0 0 0 20 0 0 0 oo
m 36 uh 100.0 0 0 0 0 0 0 0 0 0 0 20 0 uh
m 36 uw 100.0 0 0 0 0 0 0 0 0 0 20 0 0 uw
m 37 ae 60.0 0 0 0 8 12 0 0 0 0 0 0 0 ae
m 37 ah 100.0 0 0 0 0 0 20 0 0 0 0 0 0 ah
m 37 aw 90.0 0 0 0 0 0 0 18 1 0 0 1 0 aw
m 37 eh 100.0 0 0 0 20 0 0 0 0 0 0 0 0 eh
m 37 ei 100.0 0 0 20 0 0 0 0 0 0 0 0 0 ei
m 37 er 100.0 0 0 0 0 0 0 0 0 0 0 0 20 er
m 37 ih 100.0 0 20 0 0 0 0 0 0 0 0 0 0 ih
m 37 iy 100.0 20 0 0 0 0 0 0 0 0 0 0 0 iy
m 37 oa 95.0 0 0 0 0 0 0 0 19 1 0 0 0 oa
m 37 oo 100.0 0 0 0 0 0 0 0 0 20 0 0 0 oo
m 37 uh 95.0 0 0 0 0 0 0 0 0 1 0 19 0 uh
m 37 uw 95.0 0 0 0 0 0 0 0 0 1 19 0 0 uw
m 38 ae 100.0 0 0 0 0 20 0 0 0 0 0 0 0 ae
m 38 ah 45.0 0 0 0 0 0 9 0 0 0 0 11 0 uh
m 38 aw 75.0 0 0 0 0 0 3 15 0 0 0 2 0 aw
m 38 eh 100.0 0 0 0 20 0 0 0 0 0 0 0 0 eh
m 38 ei 100.0 0 0 20 0 0 0 0 0 0 0 0 0 ei
m 38 er 100.0 0 0 0 0 0 0 0 0 0 0 0 20 er
m 38 ih 100.0 0 20 0 0 0 0 0 0 0 0 0 0 ih
m 38 iy 100.0 20 0 0 0 0 0 0 0 0 0 0 0 iy
m 38 oa 95.0 0 0 0 0 0 1 0 19 0 0 0 0 oa
m 38 oo 95.0 0 0 0 0 0 0 0 0 19 1 0 0 oo
m 38 uh 95.0 0 0 0 0 0 0 0 0 1 0 19 0 uh
m 38 uw 100.0 0 0 0 0 0 0 0 0 0 20 0 0 uw
m 39 ae 100.0 0 0 0 0 20 0 0 0 0 0 0 0 ae
m 39 ah 100.0 0 0 0 0 0 20 0 0 0 0 0 0 ah
m 39 aw 100.0 0 0 0 0 0 0 20 0 0 0 0 0 aw
m 39 eh 100.0 0 0 0 20 0 0 0 0 0 0 0 0 eh
m 39 ei 100.0 0 0 20 0 0 0 0 0 0 0 0 0 ei
m 39 er 100.0 0 0 0 0 0 0 0 0 0 0 0 20 er
m 39 ih 100.0 0 20 0 0 0 0 0 0 0 0 0 0 ih
m 39 iy 100.0 20 0 0 0 0 0 0 0 0 0 0 0 iy
m 39 oa 100.0 0 0 0 0 0 0 0 20 0 0 0 0 oa
m 39 oo 100.0 0 0 0 0 0 0 0 0 20 0 0 0 oo
m 39 uh 100.0 0 0 0 0 0 0 0 0 0 0 20 0 uh
m 39 uw 100.0 0 0 0 0 0 0 0 0 0 20 0 0 uw
m 40 ae 70.0 0 0 0 6 14 0 0 0 0 0 0 0 ae
m 40 ah 100.0 0 0 0 0 0 20 0 0 0 0 0 0 ah
m 40 aw 75.0 0 0 0 0 0 2 15 0 0 0 3 0 aw
m 40 eh 100.0 0 0 0 20 0 0 0 0 0 0 0 0 eh
m 40 ei 100.0 0 0 20 0 0 0 0 0 0 0 0 0 ei
m 40 er 100.0 0 0 0 0 0 0 0 0 0 0 0 20 er
m 40 ih 100.0 0 20 0 0 0 0 0 0 0 0 0 0 ih
m 40 iy 100.0 20 0 0 0 0 0 0 0 0 0 0 0 iy
m 40 oa 100.0 0 0 0 0 0 0 0 20 0 0 0 0 oa
m 40 oo 100.0 0 0 0 0 0 0 0 0 20 0 0 0 oo
m 40 uh 95.0 0 0 0 1 0 0 0 0 0 0 19 0 uh
m 40 uw 100.0 0 0 0 0 0 0 0 0 0 20 0 0 uw
m 41 ae 0.0 0 0 0 20 0 0 0 0 0 0 0 0 eh
m 41 ah 0.0 0 0 0 0 0 0 0 0 0 0 20 0 uh
m 41 aw 90.0 0 0 0 0 0 1 18 0 0 0 1 0 aw
m 41 eh 90.0 0 0 0 18 0 0 0 0 1 0 1 0 eh
m 41 ei 100.0 0 0 20 0 0 0 0 0 0 0 0 0 ei
m 41 er 95.0 0 0 0 0 1 0 0 0 0 0 0 19 er
m 41 ih 95.0 0 19 0 1 0 0 0 0 0 0 0 0 ih
m 41 iy 95.0 19 1 0 0 0 0 0 0 0 0 0 0 iy
m 41 oa 100.0 0 0 0 0 0 0 0 20 0 0 0 0 oa
m 41 oo 100.0 0 0 0 0 0 0 0 0 20 0 0 0 oo
m 41 uh 100.0 0 0 0 0 0 0 0 0 0 0 20 0 uh
m 41 uw 100.0 0 0 0 0 0 0 0 0 0 20 0 0 uw
m 42 ae 100.0 0 0 0 0 20 0 0 0 0 0 0 0 ae
m 42 ah 100.0 0 0 0 0 0 20 0 0 0 0 0 0 ah
m 42 aw 95.0 0 0 0 0 0 0 19 0 0 0 1 0 aw
m 42 eh 100.0 0 0 0 20 0 0 0 0 0 0 0 0 eh
m 42 ei 100.0 0 0 20 0 0 0 0 0 0 0 0 0 ei
m 42 er 100.0 0 0 0 0 0 0 0 0 0 0 0 20 er
m 42 ih 95.0 0 19 0 1 0 0 0 0 0 0 0 0 ih
m 42 iy 100.0 20 0 0 0 0 0 0 0 0 0 0 0 iy
m 42 oa 100.0 0 0 0 0 0 0 0 20 0 0 0 0 oa
m 42 oo 90.0 0 0 0 0 0 0 0 0 18 0 2 0 oo
m 42 uh 75.0 0 0 0 0 0 4 1 0 0 0 15 0 uh
m 42 uw 90.0 0 0 0 0 0 0 0 0 2 18 0 0 uw
m 44 ae 100.0 0 0 0 0 20 0 0 0 0 0 0 0 ae
m 44 ah 95.0 0 0 0 0 0 19 0 0 0 1 0 0 ah
m 44 aw 100.0 0 0 0 0 0 0 20 0 0 0 0 0 aw
m 44 eh 95.0 0 0 0 19 1 0 0 0 0 0 0 0 eh
m 44 ei 100.0 0 0 20 0 0 0 0 0 0 0 0 0 ei
m 44 er 100.0 0 0 0 0 0 0 0 0 0 0 0 20 er
m 44 ih 100.0 0 20 0 0 0 0 0 0 0 0 0 0 ih
m 44 iy 100.0 20 0 0 0 0 0 0 0 0 0 0 0 iy
m 44 oa 100.0 0 0 0 0 0 0 0 20 0 0 0 0 oa
m 44 oo 95.0 0 0 0 0 0 0 0 0 19 1 0 0 oo
m 44 uh 95.0 0 0 0 0 0 1 0 0 0 0 19 0 uh
m 44 uw 100.0 0 0 0 0 0 0 0 0 0 20 0 0 uw
m 45 ae 100.0 0 0 0 0 20 0 0 0 0 0 0 0 ae
m 45 ah 100.0 0 0 0 0 0 20 0 0 0 0 0 0 ah
m 45 aw 95.0 0 0 0 0 0 1 19 0 0 0 0 0 aw
m 45 eh 50.0 0 0 0 10 10 0 0 0 0 0 0 0 eh
m 45 ei 100.0 0 0 20 0 0 0 0 0 0 0 0 0 ei
m 45 er 100.0 0 0 0 0 0 0 0 0 0 0 0 20 er
m 45 ih 100.0 0 20 0 0 0 0 0 0 0 0 0 0 ih
m 45 iy 100.0 20 0 0 0 0 0 0 0 0 0 0 0 iy
m 45 oa 100.0 0 0 0 0 0 0 0 20 0 0 0 0 oa
m 45 oo 100.0 0 0 0 0 0 0 0 0 20 0 0 0 oo
m 45 uh 90.0 0 0 0 0 0 0 2 0 0 0 18 0 uh
m 45 uw 100.0 0 0 0 0 0 0 0 0 0 20 0 0 uw
m 47 ae 90.0 0 0 0 2 18 0 0 0 0 0 0 0 ae
m 47 ah 85.0 0 0 0 0 0 17 2 0 0 0 1 0 ah
m 47 aw 80.0 0 0 0 0 0 2 16 0 0 0 2 0 aw
m 47 eh 100.0 0 0 0 20 0 0 0 0 0 0 0 0 eh
m 47 ei 100.0 0 0 20 0 0 0 0 0 0 0 0 0 ei
m 47 er 100.0 0 0 0 0 0 0 0 0 0 0 0 20 er
m 47 ih 100.0 0 20 0 0 0 0 0 0 0 0 0 0 ih
m 47 iy 100.0 20 0 0 0 0 0 0 0 0 0 0 0 iy
m 47 oa 100.0 0 0 0 0 0 0 0 20 0 0 0 0 oa
m 47 oo 95.0 0 0 0 0 0 0 0 0 19 1 0 0 oo
m 47 uh 80.0 0 0 0 0 0 0 1 0 3 0 16 0 uh
m 47 uw 100.0 0 0 0 0 0 0 0 0 0 20 0 0 uw
m 48 ae 80.0 0 0 0 4 16 0 0 0 0 0 0 0 ae
m 48 ah 90.0 0 0 0 0 0 18 1 0 0 0 1 0 ah
m 48 aw 90.0 0 0 0 0 0 0 18 0 1 0 1 0 aw
m 48 eh 100.0 0 0 0 20 0 0 0 0 0 0 0 0 eh
m 48 ei 100.0 0 0 20 0 0 0 0 0 0 0 0 0 ei
m 48 er 100.0 0 0 0 0 0 0 0 0 0 0 0 20 er
m 48 ih 100.0 0 20 0 0 0 0 0 0 0 0 0 0 ih
m 48 iy 100.0 20 0 0 0 0 0 0 0 0 0 0 0 iy
m 48 oa 100.0 0 0 0 0 0 0 0 20 0 0 0 0 oa
m 48 oo 100.0 0 0 0 0 0 0 0 0 20 0 0 0 oo
m 48 uh 100.0 0 0 0 0 0 0 0 0 0 0 20 0 uh
m 48 uw 100.0 0 0 0 0 0 0 0 0 0 20 0 0 uw
m 49 ae 75.0 0 0 0 5 15 0 0 0 0 0 0 0 ae
m 49 ah 100.0 0 0 0 0 0 20 0 0 0 0 0 0 ah
m 49 aw 100.0 0 0 0 0 0 0 20 0 0 0 0 0 aw
m 49 eh 90.0 0 2 0 18 0 0 0 0 0 0 0 0 eh
m 49 ei 100.0 0 0 20 0 0 0 0 0 0 0 0 0 ei
m 49 er 100.0 0 0 0 0 0 0 0 0 0 0 0 20 er
m 49 ih 100.0 0 20 0 0 0 0 0 0 0 0 0 0 ih
m 49 iy 100.0 20 0 0 0 0 0 0 0 0 0 0 0 iy
m 49 oa 100.0 0 0 0 0 0 0 0 20 0 0 0 0 oa
m 49 oo 95.0 0 0 0 0 0 0 0 0 19 1 0 0 oo
m 49 uh 95.0 0 0 0 0 1 0 0 0 0 0 19 0 uh
m 49 uw 95.0 0 0 0 0 0 0 0 1 0 19 0 0 uw
m 50 ae 100.0 0 0 0 0 20 0 0 0 0 0 0 0 ae
m 50 ah 90.0 0 0 0 0 1 18 1 0 0 0 0 0 ah
m 50 aw 10.0 0 0 0 0 0 18 2 0 0 0 0 0 ah
m 50 eh 100.0 0 0 0 20 0 0 0 0 0 0 0 0 eh
m 50 ei 100.0 0 0 20 0 0 0 0 0 0 0 0 0 ei
m 50 er 100.0 0 0 0 0 0 0 0 0 0 0 0 20 er
m 50 ih 100.0 0 20 0 0 0 0 0 0 0 0 0 0 ih
m 50 iy 100.0 20 0 0 0 0 0 0 0 0 0 0 0 iy
m 50 oa 100.0 0 0 0 0 0 0 0 20 0 0 0 0 oa
m 50 oo 95.0 0 0 0 0 0 0 0 0 19 1 0 0 oo
m 50 uh 100.0 0 0 0 0 0 0 0 0 0 0 20 0 uh
m 50 uw 100.0 0 0 0 0 0 0 0 0 0 20 0 0 uw
w 01 ae 95.0 0 0 0 1 19 0 0 0 0 0 0 0 ae
w 01 ah 100.0 0 0 0 0 0 20 0 0 0 0 0 0 ah
w 01 aw 90.0 0 0 0 0 0 2 18 0 0 0 0 0 aw
w 01 eh 75.0 0 0 1 15 0 0 0 0 0 0 3 1 eh
w 01 ei 100.0 0 0 20 0 0 0 0 0 0 0 0 0 ei
w 01 er 100.0 0 0 0 0 0 0 0 0 0 0 0 20 er
w 01 ih 100.0 0 20 0 0 0 0 0 0 0 0 0 0 ih
w 01 iy 100.0 20 0 0 0 0 0 0 0 0 0 0 0 iy
w 01 oa 95.0 0 0 0 0 0 1 0 19 0 0 0 0 oa
w 01 oo 75.0 0 0 0 0 0 0 0 0 15 5 0 0 oo
w 01 uh 95.0 0 0 0 0 0 1 0 0 0 0 19 0 uh
w 01 uw 100.0 0 0 0 0 0 0 0 0 0 20 0 0 uw
w 02 ae 95.0 0 0 0 0 19 1 0 0 0 0 0 0 ae
w 02 ah 100.0 0 0 0 0 0 20 0 0 0 0 0 0 ah
w 02 aw 95.0 0 0 0 0 0 1 19 0 0 0 0 0 aw
w 02 eh 100.0 0 0 0 20 0 0 0 0 0 0 0 0 eh
w 02 ei 95.0 0 0 19 0 0 1 0 0 0 0 0 0 ei
w 02 er 100.0 0 0 0 0 0 0 0 0 0 0 0 20 er
w 02 ih 85.0 0 17 2 0 1 0 0 0 0 0 0 0 ih
w 02 iy 100.0 20 0 0 0 0 0 0 0 0 0 0 0 iy
w 02 oa 100.0 0 0 0 0 0 0 0 20 0 0 0 0 oa
w 02 oo 100.0 0 0 0 0 0 0 0 0 20 0 0 0 oo
w 02 uh 65.0 0 0 0 0 0 7 0 0 0 0 13 0 uh
w 02 uw 100.0 0 0 0 0 0 0 0 0 0 20 0 0 uw
w 03 ae 100.0 0 0 0 0 20 0 0 0 0 0 0 0 ae
w 03 ah 95.0 0 1 0 0 0 19 0 0 0 0 0 0 ah
w 03 aw 100.0 0 0 0 0 0 0 20 0 0 0 0 0 aw
w 03 eh 95.0 0 0 0 19 1 0 0 0 0 0 0 0 eh
w 03 ei 100.0 0 0 20 0 0 0 0 0 0 0 0 0 ei
w 03 er 95.0 0 0 0 0 0 0 0 0 0 0 1 19 er
w 03 ih 100.0 0 20 0 0 0 0 0 0 0 0 0 0 ih
w 03 iy 100.0 20 0 0 0 0 0 0 0 0 0 0 0 iy
w 03 oa 100.0 0 0 0 0 0 0 0 20 0 0 0 0 oa
w 03 oo 100.0 0 0 0 0 0 0 0 0 20 0 0 0 oo
w 03 uh 80.0 0 0 0 0 0 2 1 0 1 0 16 0 uh
w 03 uw 100.0 0 0 0 0 0 0 0 0 0 20 0 0 uw
w 04 ae 95.0 0 0 1 0 19 0 0 0 0 0 0 0 ae
w 04 ah 85.0 0 0 0 0 0 17 2 0 0 0 1 0 ah
w 04 aw 100.0 0 0 0 0 0 0 20 0 0 0 0 0 aw
w 04 eh 100.0 0 0 0 20 0 0 0 0 0 0 0 0 eh
w 04 ei 100.0 0 0 20 0 0 0 0 0 0 0 0 0 ei
w 04 er 100.0 0 0 0 0 0 0 0 0 0 0 0 20 er
w 04 ih 100.0 0 20 0 0 0 0 0 0 0 0 0 0 ih
w 04 iy 100.0 20 0 0 0 0 0 0 0 0 0 0 0 iy
w 04 oa 100.0 0 0 0 0 0 0 0 20 0 0 0 0 oa
w 04 oo 95.0 0 0 0 0 0 0 0 0 19 0 1 0 oo
w 04 uh 100.0 0 0 0 0 0 0 0 0 0 0 20 0 uh
w 04 uw 100.0 0 0 0 0 0 0 0 0 0 20 0 0 uw
w 05 ae 95.0 0 0 0 1 19 0 0 0 0 0 0 0 ae
w 05 ah 95.0 0 0 0 0 0 19 1 0 0 0 0 0 ah
w 05 aw 65.0 0 0 0 0 0 7 13 0 0 0 0 0 aw
w 05 eh 90.0 0 0 0 18 2 0 0 0 0 0 0 0 eh
w 05 ei 100.0 0 0 20 0 0 0 0 0 0 0 0 0 ei
w 05 er 100.0 0 0 0 0 0 0 0 0 0 0 0 20 er
w 05 ih 100.0 0 20 0 0 0 0 0 0 0 0 0 0 ih
w 05 iy 95.0 19 0 0 0 1 0 0 0 0 0 0 0 iy
w 05 oa 95.0 0 0 0 0 0 0 0 19 0 0 0 1 oa
w 05 oo 100.0 0 0 0 0 0 0 0 0 20 0 0 0 oo
w 05 uh 80.0 0 0 0 0 0 3 1 0 0 0 16 0 uh
w 05 uw 100.0 0 0 0 0 0 0 0 0 0 20 0 0 uw
w 06 ae 95.0 0 0 0 1 19 0 0 0 0 0 0 0 ae
w 06 ah 90.0 0 0 0 0 0 18 1 0 0 0 1 0 ah
w 06 aw 80.0 0 0 0 0 0 4 16 0 0 0 0 0 aw
w 06 eh 100.0 0 0 0 20 0 0 0 0 0 0 0 0 eh
w 06 ei 100.0 0 0 20 0 0 0 0 0 0 0 0 0 ei
w 06 er 100.0 0 0 0 0 0 0 0 0 0 0 0 20 er
w 06 ih 100.0 0 20 0 0 0 0 0 0 0 0 0 0 ih
w 06 iy 100.0 20 0 0 0 0 0 0 0 0 0 0 0 iy
w 06 oa 100.0 0 0 0 0 0 0 0 20 0 0 0 0 oa
w 06 oo 90.0 0 0 0 0 0 0 0 0 18 2 0 0 oo
w 06 uh 90.0 0 0 0 0 0 2 0 0 0 0 18 0 uh
w 06 uw 100.0 0 0 0 0 0 0 0 0 0 20 0 0 uw
w 07 ae 100.0 0 0 0 0 20 0 0 0 0 0 0 0 ae
w 07 ah 85.0 0 0 0 0 0 17 3 0 0 0 0 0 ah
w 07 aw 100.0 0 0 0 0 0 0 20 0 0 0 0 0 aw
w 07 eh 85.0 0 0 0 17 3 0 0 0 0 0 0 0 eh
w 07 ei 100.0 0 0 20 0 0 0 0 0 0 0 0 0 ei
w 07 er 100.0 0 0 0 0 0 0 0 0 0 0 0 20 er
w 07 ih 95.0 0 19 0 1 0 0 0 0 0 0 0 0 ih
w 07 iy 100.0 20 0 0 0 0 0 0 0 0 0 0 0 iy
w 07 oa 100.0 0 0 0 0 0 0 0 20 0 0 0 0 oa
w 07 oo 95.0 0 0 0 0 0 0 0 1 19 0 0 0 oo
w 07 uh 65.0 0 0 0 0 0 7 0 0 0 0 13 0 uh
w 07 uw 100.0 0 0 0 0 0 0 0 0 0 20 0 0 uw
w 08 ae 95.0 0 0 0 1 19 0 0 0 0 0 0 0 ae
w 08 ah 95.0 0 0 0 0 0 19 0 0 0 0 1 0 ah
w 08 aw 70.0 0 0 0 0 0 5 14 0 0 0 1 0 aw
w 08 eh 100.0 0 0 0 20 0 0 0 0 0 0 0 0 eh
w 08 ei 100.0 0 0 20 0 0 0 0 0 0 0 0 0 ei
w 08 er 100.0 0 0 0 0 0 0 0 0 0 0 0 20 er
w 08 ih 100.0 0 20 0 0 0 0 0 0 0 0 0 0 ih
w 08 iy 100.0 20 0 0 0 0 0 0 0 0 0 0 0 iy
w 08 oa 100.0 0 0 0 0 0 0 0 20 0 0 0 0 oa
w 08 oo 100.0 0 0 0 0 0 0 0 0 20 0 0 0 oo
w 08 uh 95.0 0 0 0 0 0 0 0 0 0 1 19 0 uh
w 08 uw 100.0 0 0 0 0 0 0 0 0 0 20 0 0 uw
w 09 ae 95.0 0 0 0 1 19 0 0 0 0 0 0 0 ae
w 09 ah 90.0 0 0 0 0 0 18 2 0 0 0 0 0 ah
w 09 aw 95.0 0 0 0 0 0 1 19 0 0 0 0 0 aw
w 09 eh 95.0 0 0 0 19 0 1 0 0 0 0 0 0 eh
w 09 ei 100.0 0 0 20 0 0 0 0 0 0 0 0 0 ei
w 09 er 100.0 0 0 0 0 0 0 0 0 0 0 0 20 er
w 09 ih 100.0 0 20 0 0 0 0 0 0 0 0 0 0 ih
w 09 iy 100.0 20 0 0 0 0 0 0 0 0 0 0 0 iy
w 09 oa 100.0 0 0 0 0 0 0 0 20 0 0 0 0 oa
w 09 oo 95.0 0 0 0 0 0 0 0 0 19 0 1 0 oo
w 09 uh 95.0 0 0 0 0 0 1 0 0 0 0 19 0 uh
w 09 uw 100.0 0 0 0 0 0 0 0 0 0 20 0 0 uw
w 10 ae 100.0 0 0 0 0 20 0 0 0 0 0 0 0 ae
w 10 ah 95.0 0 0 0 0 0 19 0 1 0 0 0 0 ah
w 10 aw 100.0 0 0 0 0 0 0 20 0 0 0 0 0 aw
w 10 eh 100.0 0 0 0 20 0 0 0 0 0 0 0 0 eh
w 10 ei 100.0 0 0 20 0 0 0 0 0 0 0 0 0 ei
w 10 er 100.0 0 0 0 0 0 0 0 0 0 0 0 20 er
w 10 ih 100.0 0 20 0 0 0 0 0 0 0 0 0 0 ih
w 10 iy 100.0 20 0 0 0 0 0 0 0 0 0 0 0 iy
w 10 oa 100.0 0 0 0 0 0 0 0 20 0 0 0 0 oa
w 10 oo 100.0 0 0 0 0 0 0 0 0 20 0 0 0 oo
w 10 uh 90.0 0 0 0 0 0 0 1 0 1 0 18 0 uh
w 10 uw 100.0 0 0 0 0 0 0 0 0 0 20 0 0 uw
w 11 ae 100.0 0 0 0 0 20 0 0 0 0 0 0 0 ae
w 11 ah 90.0 0 0 0 0 0 18 2 0 0 0 0 0 ah
w 11 aw 100.0 0 0 0 0 0 0 20 0 0 0 0 0 aw
w 11 eh 65.0 0 0 0 13 6 1 0 0 0 0 0 0 eh
w 11 ei 100.0 0 0 20 0 0 0 0 0 0 0 0 0 ei
w 11 er 100.0 0 0 0 0 0 0 0 0 0 0 0 20 er
w 11 ih 90.0 0 18 0 2 0 0 0 0 0 0 0 0 ih
w 11 iy 100.0 20 0 0 0 0 0 0 0 0 0 0 0 iy
w 11 oa 100.0 0 0 0 0 0 0 0 20 0 0 0 0 oa
w 11 oo 95.0 0 0 0 0 0 0 0 0 19 1 0 0 oo
w 11 uh 90.0 0 0 0 0 0 2 0 0 0 0 18 0 uh
w 11 uw 100.0 0 0 0 0 0 0 0 0 0 20 0 0 uw
w 12 ae 100.0 0 0 0 0 20 0 0 0 0 0 0 0 ae
w 12 ah 100.0 0 0 0 0 0 20 0 0 0 0 0 0 ah
w 12 aw 30.0 0 0 0 0 0 14 6 0 0 0 0 0 ah
w 12 eh 80.0 0 0 0 16 4 0 0 0 0 0 0 0 eh
w 12 ei 95.0 0 0 19 1 0 0 0 0 0 0 0 0 ei
w 12 er 100.0 0 0 0 0 0 0 0 0 0 0 0 20 er
w 12 ih 100.0 0 20 0 0 0 0 0 0 0 0 0 0 ih
w 12 iy 100.0 20 0 0 0 0 0 0 0 0 0 0 0 iy
w 12 oa 100.0 0 0 0 0 0 0 0 20 0 0 0 0 oa
w 12 oo 100.0 0 0 0 0 0 0 0 0 20 0 0 0 oo
w 12 uh 95.0 0 0 0 0 0 1 0 0 0 0 19 0 uh
w 12 uw 100.0 0 0 0 0 0 0 0 0 0 20 0 0 uw
w 13 ae 100.0 0 0 0 0 20 0 0 0 0 0 0 0 ae
w 13 ah 100.0 0 0 0 0 0 20 0 0 0 0 0 0 ah
w 13 aw 95.0 0 0 0 0 0 1 19 0 0 0 0 0 aw
w 13 eh 100.0 0 0 0 20 0 0 0 0 0 0 0 0 eh
w 13 ei 100.0 0 0 20 0 0 0 0 0 0 0 0 0 ei
w 13 er 100.0 0 0 0 0 0 0 0 0 0 0 0 20 er
w 13 ih 95.0 0 19 0 1 0 0 0 0 0 0 0 0 ih
w 13 iy 100.0 20 0 0 0 0 0 0 0 0 0 0 0 iy
w 13 oa 100.0 0 0 0 0 0 0 0 20 0 0 0 0 oa
w 13 oo 100.0 0 0 0 0 0 0 0 0 20 0 0 0 oo
w 13 uh 80.0 0 0 0 0 0 3 1 0 0 0 16 0 uh
w 13 uw 100.0 0 0 0 0 0 0 0 0 0 20 0 0 uw
w 14 ae 100.0 0 0 0 0 20 0 0 0 0 0 0 0 ae
w 14 ah 100.0 0 0 0 0 0 20 0 0 0 0 0 0 ah
w 14 aw 95.0 0 0 0 0 0 1 19 0 0 0 0 0 aw
w 14 eh 95.0 0 0 0 19 1 0 0 0 0 0 0 0 eh
w 14 ei 100.0 0 0 20 0 0 0 0 0 0 0 0 0 ei
w 14 er 100.0 0 0 0 0 0 0 0 0 0 0 0 20 er
w 14 ih 100.0 0 20 0 0 0 0 0 0 0 0 0 0 ih
w 14 iy 100.0 20 0 0 0 0 0 0 0 0 0 0 0 iy
w 14 oa 100.0 0 0 0 0 0 0 0 20 0 0 0 0 oa
w 14 oo 100.0 0 0 0 0 0 0 0 0 20 0 0 0 oo
w 14 uh 100.0 0 0 0 0 0 0 0 0 0 0 20 0 uh
w 14 uw 95.0 0 0 0 0 0 0 0 0 1 19 0 0 uw
w 15 ae 100.0 0 0 0 0 20 0 0 0 0 0 0 0 ae
w 15 ah 100.0 0 0 0 0 0 20 0 0 0 0 0 0 ah
w 15 aw 100.0 0 0 0 0 0 0 20 0 0 0 0 0 aw
w 15 eh 100.0 0 0 0 20 0 0 0 0 0 0 0 0 eh
w 15 ei 100.0 0 0 20 0 0 0 0 0 0 0 0 0 ei
w 15 er 100.0 0 0 0 0 0 0 0 0 0 0 0 20 er
w 15 ih 100.0 0 20 0 0 0 0 0 0 0 0 0 0 ih
w 15 iy 100.0 20 0 0 0 0 0 0 0 0 0 0 0 iy
w 15 oa 100.0 0 0 0 0 0 0 0 20 0 0 0 0 oa
w 15 oo 100.0 0 0 0 0 0 0 0 0 20 0 0 0 oo
w 15 uh 95.0 0 0 0 0 0 1 0 0 0 0 19 0 uh
w 15 uw 95.0 0 0 0 0 0 0 0 1 0 19 0 0 uw
w 16 ae 100.0 0 0 0 0 20 0 0 0 0 0 0 0 ae
w 16 ah 100.0 0 0 0 0 0 20 0 0 0 0 0 0 ah
w 16 aw 40.0 0 0 0 0 0 12 8 0 0 0 0 0 ah
w 16 eh 95.0 0 0 0 19 1 0 0 0 0 0 0 0 eh
w 16 ei 100.0 0 0 20 0 0 0 0 0 0 0 0 0 ei
w 16 er 100.0 0 0 0 0 0 0 0 0 0 0 0 20 er
w 16 ih 100.0 0 20 0 0 0 0 0 0 0 0 0 0 ih
w 16 iy 100.0 20 0 0 0 0 0 0 0 0 0 0 0 iy
w 16 oa 100.0 0 0 0 0 0 0 0 20 0 0 0 0 oa
w 16 oo 90.0 0 0 0 0 0 0 1 0 18 0 1 0 oo
w 16 uh 75.0 0 0 0 0 0 5 0 0 0 0 15 0 uh
w 16 uw 100.0 0 0 0 0 0 0 0 0 0 20 0 0 uw
w 17 ae 100.0 0 0 0 0 20 0 0 0 0 0 0 0 ae
w 17 ah 95.0 0 0 0 0 1 19 0 0 0 0 0 0 ah
w 17 aw 95.0 0 0 0 0 0 1 19 0 0 0 0 0 aw
w 17 eh 100.0 0 0 0 20 0 0 0 0 0 0 0 0 eh
w 17 ei 100.0 0 0 20 0 0 0 0 0 0 0 0 0 ei
w 17 er 100.0 0 0 0 0 0 0 0 0 0 0 0 20 er
w 17 ih 95.0 0 19 0 1 0 0 0 0 0 0 0 0 ih
w 17 iy 100.0 20 0 0 0 0 0 0 0 0 0 0 0 iy
w 17 oa 100.0 0 0 0 0 0 0 0 20 0 0 0 0 oa
w 17 oo 95.0 0 0 0 0 0 0 0 0 19 0 1 0 oo
w 17 uh 95.0 0 0 0 0 0 0 1 0 0 0 19 0 uh
w 17 uw 100.0 0 0 0 0 0 0 0 0 0 20 0 0 uw
w 19 ae 95.0 0 0 1 0 19 0 0 0 0 0 0 0 ae
w 19 ah 95.0 0 0 0 0 0 19 0 0 0 0 1 0 ah
w 19 aw 65.0 0 0 0 0 0 7 13 0 0 0 0 0 aw
w 19 eh 90.0 0 0 0 18 2 0 0 0 0 0 0 0 eh
w 19 ei 100.0 0 0 20 0 0 0 0 0 0 0 0 0 ei
w 19 er 100.0 0 0 0 0 0 0 0 0 0 0 0 20 er
w 19 ih 100.0 0 20 0 0 0 0 0 0 0 0 0 0 ih
w 19 iy 100.0 20 0 0 0 0 0 0 0 0 0 0 0 iy
w 19 oa 95.0 0 0 0 0 0 1 0 19 0 0 0 0 oa
w 19 oo 95.0 0 0 0 0 0 0 0 0 19 1 0 0 oo
w 19 uh 70.0 0 0 0 0 0 2 4 0 0 0 14 0 uh
w 19 uw 95.0 0 0 0 0 0 0 0 1 0 19 0 0 uw
w 20 ae 100.0 0 0 0 0 20 0 0 0 0 0 0 0 ae
w 20 ah 65.0 0 0 0 0 0 13 7 0 0 0 0 0 ah
w 20 aw 100.0 0 0 0 0 0 0 20 0 0 0 0 0 aw
w 20 eh 100.0 0 0 0 20 0 0 0 0 0 0 0 0 eh
w 20 ei 100.0 0 0 20 0 0 0 0 0 0 0 0 0 ei
w 20 er 100.0 0 0 0 0 0 0 0 0 0 0 0 20 er
w 20 ih 100.0 0 20 0 0 0 0 0 0 0 0 0 0 ih
w 20 iy 100.0 20 0 0 0 0 0 0 0 0 0 0 0 iy
w 20 oa 100.0 0 0 0 0 0 0 0 20 0 0 0 0 oa
w 20 oo 100.0 0 0 0 0 0 0 0 0 20 0 0 0 oo
w 20 uh 100.0 0 0 0 0 0 0 0 0 0 0 20 0 uh
w 20 uw 95.0 0 0 0 0 0 0 0 0 1 19 0 0 uw
w 21 ae 95.0 0 0 0 1 19 0 0 0 0 0 0 0 ae
w 21 ah 90.0 0 0 0 0 0 18 1 0 0 0 1 0 ah
w 21 aw 100.0 0 0 0 0 0 0 20 0 0 0 0 0 aw
w 21 eh 100.0 0 0 0 20 0 0 0 0 0 0 0 0 eh
w 21 ei 95.0 1 0 19 0 0 0 0 0 0 0 0 0 ei
w 21 er 100.0 0 0 0 0 0 0 0 0 0 0 0 20 er
w 21 ih 100.0 0 20 0 0 0 0 0 0 0 0 0 0 ih
w 21 iy 100.0 20 0 0 0 0 0 0 0 0 0 0 0 iy
w 21 oa 100.0 0 0 0 0 0 0 0 20 0 0 0 0 oa
w 21 oo 100.0 0 0 0 0 0 0 0 0 20 0 0 0 oo
w 21 uh 75.0 0 0 0 0 0 2 3 0 0 0 15 0 uh
w 21 uw 100.0 0 0 0 0 0 0 0 0 0 20 0 0 uw
w 22 ae 100.0 0 0 0 0 20 0 0 0 0 0 0 0 ae
w 22 ah 95.0 0 0 0 0 0 19 1 0 0 0 0 0 ah
w 22 aw 100.0 0 0 0 0 0 0 20 0 0 0 0 0 aw
w 22 eh 100.0 0 0 0 20 0 0 0 0 0 0 0 0 eh
w 22 ei 100.0 0 0 20 0 0 0 0 0 0 0 0 0 ei
w 22 er 100.0 0 0 0 0 0 0 0 0 0 0 0 20 er
w 22 ih 100.0 0 20 0 0 0 0 0 0 0 0 0 0 ih
w 22 iy 95.0 19 0 1 0 0 0 0 0 0 0 0 0 iy
w 22 oa 100.0 0 0 0 0 0 0 0 20 0 0 0 0 oa
w 22 oo 100.0 0 0 0 0 0 0 0 0 20 0 0 0 oo
w 22 uh 100.0 0 0 0 0 0 0 0 0 0 0 20 0 uh
w 22 uw 100.0 0 0 0 0 0 0 0 0 0 20 0 0 uw
w 23 ae 100.0 0 0 0 0 20 0 0 0 0 0 0 0 ae
w 23 ah 90.0 0 0 0 0 0 18 1 0 0 0 1 0 ah
w 23 aw 50.0 0 0 0 0 0 10 10 0 0 0 0 0 ah
w 23 eh 100.0 0 0 0 20 0 0 0 0 0 0 0 0 eh
w 23 ei 100.0 0 0 20 0 0 0 0 0 0 0 0 0 ei
w 23 er 100.0 0 0 0 0 0 0 0 0 0 0 0 20 er
w 23 ih 95.0 0 19 0 1 0 0 0 0 0 0 0 0 ih
w 23 iy 100.0 20 0 0 0 0 0 0 0 0 0 0 0 iy
w 23 oa 100.0 0 0 0 0 0 0 0 20 0 0 0 0 oa
w 23 oo 95.0 0 0 0 0 0 0 0 0 19 0 1 0 oo
w 23 uh 100.0 0 0 0 0 0 0 0 0 0 0 20 0 uh
w 23 uw 100.0 0 0 0 0 0 0 0 0 0 20 0 0 uw
w 24 ae 100.0 0 0 0 0 20 0 0 0 0 0 0 0 ae
w 24 ah 100.0 0 0 0 0 0 20 0 0 0 0 0 0 ah
w 24 aw 40.0 0 0 0 0 0 12 8 0 0 0 0 0 ah
w 24 eh 100.0 0 0 0 20 0 0 0 0 0 0 0 0 eh
w 24 ei 100.0 0 0 20 0 0 0 0 0 0 0 0 0 ei
w 24 er 100.0 0 0 0 0 0 0 0 0 0 0 0 20 er
w 24 ih 100.0 0 20 0 0 0 0 0 0 0 0 0 0 ih
w 24 iy 100.0 20 0 0 0 0 0 0 0 0 0 0 0 iy
w 24 oa 100.0 0 0 0 0 0 0 0 20 0 0 0 0 oa
w 24 oo 100.0 0 0 0 0 0 0 0 0 20 0 0 0 oo
w 24 uh 90.0 0 0 0 0 0 1 1 0 0 0 18 0 uh
w 24 uw 95.0 0 0 0 0 0 0 0 0 1 19 0 0 uw
w 25 ae 95.0 0 0 0 0 19 0 0 1 0 0 0 0 ae
w 25 ah 100.0 0 0 0 0 0 20 0 0 0 0 0 0 ah
w 25 aw 95.0 0 0 0 0 0 1 19 0 0 0 0 0 aw
w 25 eh 100.0 0 0 0 20 0 0 0 0 0 0 0 0 eh
w 25 ei 100.0 0 0 20 0 0 0 0 0 0 0 0 0 ei
w 25 er 100.0 0 0 0 0 0 0 0 0 0 0 0 20 er
w 25 ih 65.0 0 13 0 6 1 0 0 0 0 0 0 0 ih
w 25 iy 100.0 20 0 0 0 0 0 0 0 0 0 0 0 iy
w 25 oa 100.0 0 0 0 0 0 0 0 20 0 0 0 0 oa
w 25 oo 100.0 0 0 0 0 0 0 0 0 20 0 0 0 oo
w 25 uh 60.0 0 0 0 0 0 3 5 0 0 0 12 0 uh
w 25 uw 100.0 0 0 0 0 0 0 0 0 0 20 0 0 uw
w 26 ae 0.0 0 0 0 20 0 0 0 0 0 0 0 0 eh
w 26 ah 85.0 0 0 0 0 0 17 2 0 0 0 1 0 ah
w 26 aw 95.0 0 0 0 0 0 1 19 0 0 0 0 0 aw
w 26 eh 95.0 0 0 1 19 0 0 0 0 0 0 0 0 eh
w 26 ei 100.0 0 0 20 0 0 0 0 0 0 0 0 0 ei
w 26 er 100.0 0 0 0 0 0 0 0 0 0 0 0 20 er
w 26 ih 100.0 0 20 0 0 0 0 0 0 0 0 0 0 ih
w 26 iy 95.0 19 1 0 0 0 0 0 0 0 0 0 0 iy
w 26 oa 100.0 0 0 0 0 0 0 0 20 0 0 0 0 oa
w 26 oo 100.0 0 0 0 0 0 0 0 0 20 0 0 0 oo
w 26 uh 100.0 0 0 0 0 0 0 0 0 0 0 20 0 uh
w 26 uw 95.0 0 0 0 0 0 0 0 1 0 19 0 0 uw
w 27 ae 100.0 0 0 0 0 20 0 0 0 0 0 0 0 ae
w 27 ah 95.0 0 0 0 1 0 19 0 0 0 0 0 0 ah
w 27 aw 55.0 0 0 0 0 0 7 11 0 0 0 2 0 aw
w 27 eh 100.0 0 0 0 20 0 0 0 0 0 0 0 0 eh
w 27 ei 95.0 0 0 19 0 1 0 0 0 0 0 0 0 ei
w 27 er 100.0 0 0 0 0 0 0 0 0 0 0 0 20 er
w 27 ih 100.0 0 20 0 0 0 0 0 0 0 0 0 0 ih
w 27 iy 100.0 20 0 0 0 0 0 0 0 0 0 0 0 iy
w 27 oa 100.0 0 0 0 0 0 0 0 20 0 0 0 0 oa
w 27 oo 100.0 0 0 0 0 0 0 0 0 20 0 0 0 oo
w 27 uh 95.0 0 0 0 0 0 1 0 0 0 0 19 0 uh
w 27 uw 100.0 0 0 0 0 0 0 0 0 0 20 0 0 uw
w 28 ae 90.0 0 0 1 0 18 1 0 0 0 0 0 0 ae
w 28 ah 75.0 0 0 0 0 0 15 1 0 0 0 4 0 ah
w 28 aw 50.0 0 0 0 1 0 6 10 0 0 0 3 0 aw
w 28 eh 100.0 0 0 0 20 0 0 0 0 0 0 0 0 eh
w 28 ei 100.0 0 0 20 0 0 0 0 0 0 0 0 0 ei
w 28 er 100.0 0 0 0 0 0 0 0 0 0 0 0 20 er
w 28 ih 100.0 0 20 0 0 0 0 0 0 0 0 0 0 ih
w 28 iy 95.0 19 0 1 0 0 0 0 0 0 0 0 0 iy
w 28 oa 100.0 0 0 0 0 0 0 0 20 0 0 0 0 oa
w 28 oo 100.0 0 0 0 0 0 0 0 0 20 0 0 0 oo
w 28 uh 100.0 0 0 0 0 0 0 0 0 0 0 20 0 uh
w 28 uw 95.0 0 0 1 0 0 0 0 0 0 19 0 0 uw
w 29 ae 100.0 0 0 0 0 20 0 0 0 0 0 0 0 ae
w 29 ah 95.0 0 0 0 0 0 19 1 0 0 0 0 0 ah
w 29 aw 100.0 0 0 0 0 0 0 20 0 0 0 0 0 aw
w 29 eh 70.0 0 0 0 14 6 0 0 0 0 0 0 0 eh
w 29 ei 100.0 0 0 20 0 0 0 0 0 0 0 0 0 ei
w 29 er 100.0 0 0 0 0 0 0 0 0 0 0 0 20 er
w 29 ih 100.0 0 20 0 0 0 0 0 0 0 0 0 0 ih
w 29 iy 100.0 20 0 0 0 0 0 0 0 0 0 0 0 iy
w 29 oa 100.0 0 0 0 0 0 0 0 20 0 0 0 0 oa
w 29 oo 100.0 0 0 0 0 0 0 0 0 20 0 0 0 oo
w 29 uh 75.0 0 0 0 0 0 5 0 0 0 0 15 0 uh
w 29 uw 95.0 0 0 0 0 0 0 0 0 1 19 0 0 uw
w 30 ae 100.0 0 0 0 0 20 0 0 0 0 0 0 0 ae
w 30 ah 100.0 0 0 0 0 0 20 0 0 0 0 0 0 ah
w 30 aw 95.0 0 0 0 0 0 1 19 0 0 0 0 0 aw
w 30 eh 100.0 0 0 0 20 0 0 0 0 0 0 0 0 eh
w 30 ei 100.0 0 0 20 0 0 0 0 0 0 0 0 0 ei
w 30 er 100.0 0 0 0 0 0 0 0 0 0 0 0 20 er
w 30 ih 100.0 0 20 0 0 0 0 0 0 0 0 0 0 ih
w 30 iy 100.0 20 0 0 0 0 0 0 0 0 0 0 0 iy
w 30 oa 100.0 0 0 0 0 0 0 0 20 0 0 0 0 oa
w 30 oo 95.0 0 0 0 0 0 0 0 0 19 0 0 1 oo
w 30 uh 100.0 0 0 0 0 0 0 0 0 0 0 20 0 uh
w 30 uw 100.0 0 0 0 0 0 0 0 0 0 20 0 0 uw
w 31 ae 100.0 0 0 0 0 20 0 0 0 0 0 0 0 ae
w 31 ah 100.0 0 0 0 0 0 20 0 0 0 0 0 0 ah
w 31 aw 90.0 0 0 0 0 0 1 18 0 0 0 1 0 aw
w 31 eh 80.0 0 2 0 16 2 0 0 0 0 0 0 0 eh
w 31 ei 100.0 0 0 20 0 0 0 0 0 0 0 0 0 ei
w 31 er 100.0 0 0 0 0 0 0 0 0 0 0 0 20 er
w 31 ih 100.0 0 20 0 0 0 0 0 0 0 0 0 0 ih
w 31 iy 100.0 20 0 0 0 0 0 0 0 0 0 0 0 iy
w 31 oa 100.0 0 0 0 0 0 0 0 20 0 0 0 0 oa
w 31 oo 100.0 0 0 0 0 0 0 0 0 20 0 0 0 oo
w 31 uh 100.0 0 0 0 0 0 0 0 0 0 0 20 0 uh
w 31 uw 90.0 0 0 0 0 0 0 0 1 1 18 0 0 uw
w 32 ae 100.0 0 0 0 0 20 0 0 0 0 0 0 0 ae
w 32 ah 95.0 0 0 0 0 0 19 0 0 0 0 1 0 ah
w 32 aw 90.0 0 0 0 0 0 2 18 0 0 0 0 0 aw
w 32 eh 75.0 0 0 1 15 3 1 0 0 0 0 0 0 eh
w 32 ei 95.0 0 0 19 1 0 0 0 0 0 0 0 0 ei
w 32 er 100.0 0 0 0 0 0 0 0 0 0 0 0 20 er
w 32 ih 100.0 0 20 0 0 0 0 0 0 0 0 0 0 ih
w 32 iy 100.0 20 0 0 0 0 0 0 0 0 0 0 0 iy
w 32 oa 100.0 0 0 0 0 0 0 0 20 0 0 0 0 oa
w 32 oo 95.0 0 0 0 0 0 0 0 0 19 1 0 0 oo
w 32 uh 55.0 0 0 0 0 0 4 5 0 0 0 11 0 uh
w 32 uw 100.0 0 0 0 0 0 0 0 0 0 20 0 0 uw
w 33 ae 100.0 0 0 0 0 20 0 0 0 0 0 0 0 ae
w 33 ah 90.0 0 0 0 0 0 18 2 0 0 0 0 0 ah
w 33 aw 55.0 0 0 0 0 0 9 11 0 0 0 0 0 aw
w 33 eh 100.0 0 0 0 20 0 0 0 0 0 0 0 0 eh
w 33 ei 100.0 0 0 20 0 0 0 0 0 0 0 0 0 ei
w 33 er 100.0 0 0 0 0 0 0 0 0 0 0 0 20 er
w 33 ih 100.0 0 20 0 0 0 0 0 0 0 0 0 0 ih
w 33 iy 100.0 20 0 0 0 0 0 0 0 0 0 0 0 iy
w 33 oa 100.0 0 0 0 0 0 0 0 20 0 0 0 0 oa
w 33 oo 95.0 0 0 0 0 0 0 0 0 19 1 0 0 oo
w 33 uh 100.0 0 0 0 0 0 0 0 0 0 0 20 0 uh
w 33 uw 100.0 0 0 0 0 0 0 0 0 0 20 0 0 uw
w 34 ae 100.0 0 0 0 0 20 0 0 0 0 0 0 0 ae
w 34 ah 100.0 0 0 0 0 0 20 0 0 0 0 0 0 ah
w 34 aw 45.0 0 0 0 0 0 10 9 0 0 0 1 0 ah
w 34 eh 100.0 0 0 0 20 0 0 0 0 0 0 0 0 eh
w 34 ei 100.0 0 0 20 0 0 0 0 0 0 0 0 0 ei
w 34 er 100.0 0 0 0 0 0 0 0 0 0 0 0 20 er
w 34 ih 100.0 0 20 0 0 0 0 0 0 0 0 0 0 ih
w 34 iy 100.0 20 0 0 0 0 0 0 0 0 0 0 0 iy
w 34 oa 100.0 0 0 0 0 0 0 0 20 0 0 0 0 oa
w 34 oo 100.0 0 0 0 0 0 0 0 0 20 0 0 0 oo
w 34 uh 100.0 0 0 0 0 0 0 0 0 0 0 20 0 uh
w 34 uw 100.0 0 0 0 0 0 0 0 0 0 20 0 0 uw
w 35 ae 100.0 0 0 0 0 20 0 0 0 0 0 0 0 ae
w 35 ah 95.0 0 0 0 0 0 19 1 0 0 0 0 0 ah
w 35 aw 100.0 0 0 0 0 0 0 20 0 0 0 0 0 aw
w 35 eh 55.0 0 0 0 11 9 0 0 0 0 0 0 0 eh
w 35 ei 100.0 0 0 20 0 0 0 0 0 0 0 0 0 ei
w 35 er 100.0 0 0 0 0 0 0 0 0 0 0 0 20 er
w 35 ih 100.0 0 20 0 0 0 0 0 0 0 0 0 0 ih
w 35 iy 100.0 20 0 0 0 0 0 0 0 0 0 0 0 iy
w 35 oa 100.0 0 0 0 0 0 0 0 20 0 0 0 0 oa
w 35 oo 95.0 0 0 0 1 0 0 0 0 19 0 0 0 oo
w 35 uh 100.0 0 0 0 0 0 0 0 0 0 0 20 0 uh
w 35 uw 100.0 0 0 0 0 0 0 0 0 0 20 0 0 uw
w 36 ae 100.0 0 0 0 0 20 0 0 0 0 0 0 0 ae
w 36 ah 95.0 0 0 0 0 0 19 1 0 0 0 0 0 ah
w 36 aw 75.0 0 0 0 0 0 5 15 0 0 0 0 0 aw
w 36 eh 85.0 0 0 0 17 3 0 0 0 0 0 0 0 eh
w 36 ei 100.0 0 0 20 0 0 0 0 0 0 0 0 0 ei
w 36 er 100.0 0 0 0 0 0 0 0 0 0 0 0 20 er
w 36 ih 100.0 0 20 0 0 0 0 0 0 0 0 0 0 ih
w 36 iy 100.0 20 0 0 0 0 0 0 0 0 0 0 0 iy
w 36 oa 100.0 0 0 0 0 0 0 0 20 0 0 0 0 oa
w 36 oo 100.0 0 0 0 0 0 0 0 0 20 0 0 0 oo
w 36 uh 100.0 0 0 0 0 0 0 0 0 0 0 20 0 uh
w 36 uw 100.0 0 0 0 0 0 0 0 0 0 20 0 0 uw
w 37 ae 80.0 0 0 0 4 16 0 0 0 0 0 0 0 ae
w 37 ah 55.0 0 0 0 0 0 11 9 0 0 0 0 0 ah
w 37 aw 90.0 0 0 0 0 0 2 18 0 0 0 0 0 aw
w 37 eh 95.0 1 0 0 19 0 0 0 0 0 0 0 0 eh
w 37 ei 100.0 0 0 20 0 0 0 0 0 0 0 0 0 ei
w 37 er 100.0 0 0 0 0 0 0 0 0 0 0 0 20 er
w 37 ih 100.0 0 20 0 0 0 0 0 0 0 0 0 0 ih
w 37 iy 100.0 20 0 0 0 0 0 0 0 0 0 0 0 iy
w 37 oa 100.0 0 0 0 0 0 0 0 20 0 0 0 0 oa
w 37 oo 95.0 0 0 0 0 0 0 0 0 19 1 0 0 oo
w 37 uh 100.0 0 0 0 0 0 0 0 0 0 0 20 0 uh
w 37 uw 100.0 0 0 0 0 0 0 0 0 0 20 0 0 uw
w 38 ae 95.0 0 0 0 1 19 0 0 0 0 0 0 0 ae
w 38 ah 100.0 0 0 0 0 0 20 0 0 0 0 0 0 ah
w 38 aw 90.0 0 0 0 1 0 1 18 0 0 0 0 0 aw
w 38 eh 100.0 0 0 0 20 0 0 0 0 0 0 0 0 eh
w 38 ei 100.0 0 0 20 0 0 0 0 0 0 0 0 0 ei
w 38 er 100.0 0 0 0 0 0 0 0 0 0 0 0 20 er
w 38 ih 95.0 0 19 0 1 0 0 0 0 0 0 0 0 ih
w 38 iy 100.0 20 0 0 0 0 0 0 0 0 0 0 0 iy
w 38 oa 100.0 0 0 0 0 0 0 0 20 0 0 0 0 oa
w 38 oo 95.0 0 0 0 0 0 0 0 0 19 1 0 0 oo
w 38 uh 100.0 0 0 0 0 0 0 0 0 0 0 20 0 uh
w 38 uw 100.0 0 0 0 0 0 0 0 0 0 20 0 0 uw
w 39 ae 100.0 0 0 0 0 20 0 0 0 0 0 0 0 ae
w 39 ah 95.0 0 0 0 0 0 19 1 0 0 0 0 0 ah
w 39 aw 100.0 0 0 0 0 0 0 20 0 0 0 0 0 aw
w 39 eh 100.0 0 0 0 20 0 0 0 0 0 0 0 0 eh
w 39 ei 100.0 0 0 20 0 0 0 0 0 0 0 0 0 ei
w 39 er 100.0 0 0 0 0 0 0 0 0 0 0 0 20 er
w 39 ih 100.0 0 20 0 0 0 0 0 0 0 0 0 0 ih
w 39 iy 95.0 19 1 0 0 0 0 0 0 0 0 0 0 iy
w 39 oa 100.0 0 0 0 0 0 0 0 20 0 0 0 0 oa
w 39 oo 100.0 0 0 0 0 0 0 0 0 20 0 0 0 oo
w 39 uh 100.0 0 0 0 0 0 0 0 0 0 0 20 0 uh
w 39 uw 95.0 0 0 0 0 0 0 0 0 1 19 0 0 uw
w 40 ae 100.0 0 0 0 0 20 0 0 0 0 0 0 0 ae
w 40 ah 85.0 0 0 0 0 0 17 3 0 0 0 0 0 ah
w 40 aw 95.0 0 0 0 0 0 1 19 0 0 0 0 0 aw
w 40 eh 100.0 0 0 0 20 0 0 0 0 0 0 0 0 eh
w 40 ei 100.0 0 0 20 0 0 0 0 0 0 0 0 0 ei
w 40 er 100.0 0 0 0 0 0 0 0 0 0 0 0 20 er
w 40 ih 100.0 0 20 0 0 0 0 0 0 0 0 0 0 ih
w 40 iy 100.0 20 0 0 0 0 0 0 0 0 0 0 0 iy
w 40 oa 100.0 0 0 0 0 0 0 0 20 0 0 0 0 oa
w 40 oo 100.0 0 0 0 0 0 0 0 0 20 0 0 0 oo
w 40 uh 75.0 0 0 0 0 0 2 3 0 0 0 15 0 uh
w 40 uw 100.0 0 0 0 0 0 0 0 0 0 20 0 0 uw
w 41 ae 95.0 0 0 0 1 19 0 0 0 0 0 0 0 ae
w 41 ah 95.0 0 0 0 0 0 19 1 0 0 0 0 0 ah
w 41 aw 95.0 0 0 0 0 0 1 19 0 0 0 0 0 aw
w 41 eh 35.0 0 0 0 7 13 0 0 0 0 0 0 0 ae
w 41 ei 100.0 0 0 20 0 0 0 0 0 0 0 0 0 ei
w 41 er 100.0 0 0 0 0 0 0 0 0 0 0 0 20 er
w 41 ih 100.0 0 20 0 0 0 0 0 0 0 0 0 0 ih
w 41 iy 100.0 20 0 0 0 0 0 0 0 0 0 0 0 iy
w 41 oa 100.0 0 0 0 0 0 0 0 20 0 0 0 0 oa
w 41 oo 90.0 0 0 0 0 0 0 0 0 18 2 0 0 oo
w 41 uh 100.0 0 0 0 0 0 0 0 0 0 0 20 0 uh
w 41 uw 100.0 0 0 0 0 0 0 0 0 0 20 0 0 uw
w 42 ae 100.0 0 0 0 0 20 0 0 0 0 0 0 0 ae
w 42 ah 95.0 0 0 0 0 0 19 1 0 0 0 0 0 ah
w 42 aw 85.0 0 0 0 0 0 3 17 0 0 0 0 0 aw
w 42 eh 95.0 0 0 0 19 0 0 0 0 1 0 0 0 eh
w 42 ei 70.0 6 0 14 0 0 0 0 0 0 0 0 0 ei
w 42 er 100.0 0 0 0 0 0 0 0 0 0 0 0 20 er
w 42 ih 100.0 0 20 0 0 0 0 0 0 0 0 0 0 ih
w 42 iy 100.0 20 0 0 0 0 0 0 0 0 0 0 0 iy
w 42 oa 100.0 0 0 0 0 0 0 0 20 0 0 0 0 oa
w 42 oo 100.0 0 0 0 0 0 0 0 0 20 0 0 0 oo
w 42 uh 100.0 0 0 0 0 0 0 0 0 0 0 20 0 uh
w 42 uw 100.0 0 0 0 0 0 0 0 0 0 20 0 0 uw
w 44 ae 100.0 0 0 0 0 20 0 0 0 0 0 0 0 ae
w 44 ah 100.0 0 0 0 0 0 20 0 0 0 0 0 0 ah
w 44 aw 100.0 0 0 0 0 0 0 20 0 0 0 0 0 aw
w 44 eh 100.0 0 0 0 20 0 0 0 0 0 0 0 0 eh
w 44 ei 100.0 0 0 20 0 0 0 0 0 0 0 0 0 ei
w 44 er 100.0 0 0 0 0 0 0 0 0 0 0 0 20 er
w 44 ih 100.0 0 20 0 0 0 0 0 0 0 0 0 0 ih
w 44 iy 100.0 20 0 0 0 0 0 0 0 0 0 0 0 iy
w 44 oa 100.0 0 0 0 0 0 0 0 20 0 0 0 0 oa
w 44 oo 100.0 0 0 0 0 0 0 0 0 20 0 0 0 oo
w 44 uh 70.0 0 0 0 0 0 0 6 0 0 0 14 0 uh
w 44 uw 100.0 0 0 0 0 0 0 0 0 0 20 0 0 uw
w 45 ae 100.0 0 0 0 0 20 0 0 0 0 0 0 0 ae
w 45 ah 100.0 0 0 0 0 0 20 0 0 0 0 0 0 ah
w 45 aw 95.0 0 0 0 0 0 0 19 0 0 1 0 0 aw
w 45 eh 100.0 0 0 0 20 0 0 0 0 0 0 0 0 eh
w 45 ei 100.0 0 0 20 0 0 0 0 0 0 0 0 0 ei
w 45 er 100.0 0 0 0 0 0 0 0 0 0 0 0 20 er
w 45 ih 100.0 0 20 0 0 0 0 0 0 0 0 0 0 ih
w 45 iy 100.0 20 0 0 0 0 0 0 0 0 0 0 0 iy
w 45 oa 100.0 0 0 0 0 0 0 0 20 0 0 0 0 oa
w 45 oo 100.0 0 0 0 0 0 0 0 0 20 0 0 0 oo
w 45 uh 55.0 0 0 0 0 0 6 2 0 0 1 11 0 uh
w 45 uw 100.0 0 0 0 0 0 0 0 0 0 20 0 0 uw
w 46 ae 100.0 0 0 0 0 20 0 0 0 0 0 0 0 ae
w 46 ah 100.0 0 0 0 0 0 20 0 0 0 0 0 0 ah
w 46 aw 40.0 0 0 0 0 0 12 8 0 0 0 0 0 ah
w 46 eh 95.0 0 0 0 19 1 0 0 0 0 0 0 0 eh
w 46 ei 100.0 0 0 20 0 0 0 0 0 0 0 0 0 ei
w 46 er 100.0 0 0 0 0 0 0 0 0 0 0 0 20 er
w 46 ih 100.0 0 20 0 0 0 0 0 0 0 0 0 0 ih
w 46 iy 100.0 20 0 0 0 0 0 0 0 0 0 0 0 iy
w 46 oa 100.0 0 0 0 0 0 0 0 20 0 0 0 0 oa
w 46 oo 100.0 0 0 0 0 0 0 0 0 20 0 0 0 oo
w 46 uh 100.0 0 0 0 0 0 0 0 0 0 0 20 0 uh
w 46 uw 100.0 0 0 0 0 0 0 0 0 0 20 0 0 uw
w 47 ae 95.0 0 0 0 1 19 0 0 0 0 0 0 0 ae
w 47 ah 100.0 0 0 0 0 0 20 0 0 0 0 0 0 ah
w 47 aw 100.0 0 0 0 0 0 0 20 0 0 0 0 0 aw
w 47 eh 75.0 0 0 0 15 5 0 0 0 0 0 0 0 eh
w 47 ei 100.0 0 0 20 0 0 0 0 0 0 0 0 0 ei
w 47 er 100.0 0 0 0 0 0 0 0 0 0 0 0 20 er
w 47 ih 100.0 0 20 0 0 0 0 0 0 0 0 0 0 ih
w 47 iy 100.0 20 0 0 0 0 0 0 0 0 0 0 0 iy
w 47 oa 100.0 0 0 0 0 0 0 0 20 0 0 0 0 oa
w 47 oo 100.0 0 0 0 0 0 0 0 0 20 0 0 0 oo
w 47 uh 100.0 0 0 0 0 0 0 0 0 0 0 20 0 uh
w 47 uw 100.0 0 0 0 0 0 0 0 0 0 20 0 0 uw
w 48 ae 95.0 0 0 0 1 19 0 0 0 0 0 0 0 ae
w 48 ah 95.0 0 0 0 0 0 19 1 0 0 0 0 0 ah
w 48 aw 100.0 0 0 0 0 0 0 20 0 0 0 0 0 aw
w 48 eh 100.0 0 0 0 20 0 0 0 0 0 0 0 0 eh
w 48 ei 100.0 0 0 20 0 0 0 0 0 0 0 0 0 ei
w 48 er 100.0 0 0 0 0 0 0 0 0 0 0 0 20 er
w 48 ih 100.0 0 20 0 0 0 0 0 0 0 0 0 0 ih
w 48 iy 100.0 20 0 0 0 0 0 0 0 0 0 0 0 iy
w 48 oa 100.0 0 0 0 0 0 0 0 20 0 0 0 0 oa
w 48 oo 100.0 0 0 0 0 0 0 0 0 20 0 0 0 oo
w 48 uh 100.0 0 0 0 0 0 0 0 0 0 0 20 0 uh
w 48 uw 95.0 0 0 0 0 0 0 0 0 1 19 0 0 uw
w 49 ae 100.0 0 0 0 0 20 0 0 0 0 0 0 0 ae
w 49 ah 100.0 0 0 0 0 0 20 0 0 0 0 0 0 ah
w 49 aw 100.0 0 0 0 0 0 0 20 0 0 0 0 0 aw
w 49 eh 100.0 0 0 0 20 0 0 0 0 0 0 0 0 eh
w 49 ei 100.0 0 0 20 0 0 0 0 0 0 0 0 0 ei
w 49 er 100.0 0 0 0 0 0 0 0 0 0 0 0 20 er
w 49 ih 100.0 0 20 0 0 0 0 0 0 0 0 0 0 ih
w 49 iy 100.0 20 0 0 0 0 0 0 0 0 0 0 0 iy
w 49 oa 100.0 0 0 0 0 0 0 0 20 0 0 0 0 oa
w 49 oo 95.0 0 0 0 0 0 0 0 0 19 1 0 0 oo
w 49 uh 100.0 0 0 0 0 0 0 0 0 0 0 20 0 uh
w 49 uw 100.0 0 0 0 0 0 0 0 0 0 20 0 0 uw
w 50 ae 100.0 0 0 0 0 20 0 0 0 0 0 0 0 ae
w 50 ah 100.0 0 0 0 0 0 20 0 0 0 0 0 0 ah
w 50 aw 90.0 0 0 0 0 0 2 18 0 0 0 0 0 aw
w 50 eh 95.0 0 0 1 19 0 0 0 0 0 0 0 0 eh
w 50 ei 100.0 0 0 20 0 0 0 0 0 0 0 0 0 ei
w 50 er 100.0 0 0 0 0 0 0 0 0 0 0 0 20 er
w 50 ih 100.0 0 20 0 0 0 0 0 0 0 0 0 0 ih
w 50 iy 100.0 20 0 0 0 0 0 0 0 0 0 0 0 iy
w 50 oa 100.0 0 0 0 0 0 0 0 20 0 0 0 0 oa
w 50 oo 100.0 0 0 0 0 0 0 0 0 20 0 0 0 oo
w 50 uh 80.0 0 0 0 0 0 2 2 0 0 0 16 0 uh
w 50 uw 100.0 0 0 0 0 0 0 0 0 0 20 0 0 uw
b 01 ae 95.0 0 0 0 1 19 0 0 0 0 0 0 0 ae
b 01 ah 95.0 0 0 0 0 0 19 0 0 1 0 0 0 ah
b 01 aw 10.0 0 0 0 0 0 9 2 0 0 0 9 0 ah
b 01 eh 100.0 0 0 0 20 0 0 0 0 0 0 0 0 eh
b 01 ei 100.0 0 0 20 0 0 0 0 0 0 0 0 0 ei
b 01 er 100.0 0 0 0 0 0 0 0 0 0 0 0 20 er
b 01 ih 95.0 0 19 0 1 0 0 0 0 0 0 0 0 ih
b 01 iy 100.0 20 0 0 0 0 0 0 0 0 0 0 0 iy
b 01 oa 100.0 0 0 0 0 0 0 0 20 0 0 0 0 oa
b 01 oo 100.0 0 0 0 0 0 0 0 0 20 0 0 0 oo
b 01 uh 100.0 0 0 0 0 0 0 0 0 0 0 20 0 uh
b 01 uw 90.0 0 0 0 0 0 0 0 0 2 18 0 0 uw
b 02 ae 100.0 0 0 0 0 20 0 0 0 0 0 0 0 ae
b 02 ah 95.0 0 0 0 0 0 19 1 0 0 0 0 0 ah
b 02 aw 85.0 0 0 0 0 0 3 17 0 0 0 0 0 aw
b 02 eh 100.0 0 0 0 20 0 0 0 0 0 0 0 0 eh
b 02 ei 100.0 0 0 20 0 0 0 0 0 0 0 0 0 ei
b 02 er 100.0 0 0 0 0 0 0 0 0 0 0 0 20 er
b 02 ih 100.0 0 20 0 0 0 0 0 0 0 0 0 0 ih
b 02 iy 100.0 20 0 0 0 0 0 0 0 0 0 0 0 iy
b 02 oa 100.0 0 0 0 0 0 0 0 20 0 0 0 0 oa
b 02 oo 95.0 1 0 0 0 0 0 0 0 19 0 0 0 oo
b 02 uh 100.0 0 0 0 0 0 0 0 0 0 0 20 0 uh
b 02 uw 100.0 0 0 0 0 0 0 0 0 0 20 0 0 uw
b 03 ae 100.0 0 0 0 0 20 0 0 0 0 0 0 0 ae
b 03 ah 95.0 0 0 0 0 0 19 1 0 0 0 0 0 ah
b 03 aw 20.0 0 0 0 0 0 16 4 0 0 0 0 0 ah
b 03 eh 90.0 0 0 0 18 2 0 0 0 0 0 0 0 eh
b 03 ei 100.0 0 0 20 0 0 0 0 0 0 0 0 0 ei
b 03 er 100.0 0 0 0 0 0 0 0 0 0 0 0 20 er
b 03 ih 90.0 0 18 0 2 0 0 0 0 0 0 0 0 ih
b 03 iy 100.0 20 0 0 0 0 0 0 0 0 0 0 0 iy
b 03 oa 90.0 0 0 0 0 0 0 0 18 1 0 0 1 oa
b 03 oo 85.0 0 0 0 1 0 0 0 0 17 0 0 2 oo
b 03 uh 55.0 0 0 0 0 0 9 0 0 0 0 11 0 uh
b 03 uw 40.0 0 9 0 1 0 0 0 0 0 8 0 2 ih
b 04 ae 100.0 0 0 0 0 20 0 0 0 0 0 0 0 ae
b 04 ah 95.0 0 0 0 0 0 19 0 0 0 0 1 0 ah
b 04 aw 85.0 0 0 0 0 0 2 17 0 0 0 1 0 aw
b 04 eh 55.0 0 0 0 11 9 0 0 0 0 0 0 0 eh
b 04 ei 80.0 0 0 16 3 1 0 0 0 0 0 0 0 ei
b 04 er 100.0 0 0 0 0 0 0 0 0 0 0 0 20 er
b 04 ih 95.0 0 19 0 1 0 0 0 0 0 0 0 0 ih
b 04 iy 95.0 19 0 1 0 0 0 0 0 0 0 0 0 iy
b 04 oa 95.0 0 0 0 0 0 0 1 19 0 0 0 0 oa
b 04 oo 95.0 0 0 0 0 0 0 0 0 19 1 0 0 oo
b 04 uh 100.0 0 0 0 0 0 0 0 0 0 0 20 0 uh
b 04 uw 100.0 0 0 0 0 0 0 0 0 0 20 0 0 uw
b 05 ae 100.0 0 0 0 0 20 0 0 0 0 0 0 0 ae
b 05 ah 95.0 0 0 0 0 0 19 0 0 0 0 1 0 ah
b 05 aw 85.0 0 0 0 0 0 0 17 0 0 0 3 0 aw
b 05 eh 100.0 0 0 0 20 0 0 0 0 0 0 0 0 eh
b 05 ei 95.0 0 1 19 0 0 0 0 0 0 0 0 0 ei
b 05 er 100.0 0 0 0 0 0 0 0 0 0 0 0 20 er
b 05 ih 100.0 0 20 0 0 0 0 0 0 0 0 0 0 ih
b 05 iy 95.0 19 1 0 0 0 0 0 0 0 0 0 0 iy
b 05 oa 100.0 0 0 0 0 0 0 0 20 0 0 0 0 oa
b 05 oo 100.0 0 0 0 0 0 0 0 0 20 0 0 0 oo
b 05 uh 80.0 0 0 0 0 0 0 0 0 4 0 16 0 uh
b 05 uw 100.0 0 0 0 0 0 0 0 0 0 20 0 0 uw
b 07 ae 95.0 0 0 0 1 19 0 0 0 0 0 0 0 ae
b 07 ah 80.0 0 0 0 0 0 16 1 0 0 0 3 0 ah
b 07 aw 65.0 0 0 0 0 0 7 13 0 0 0 0 0 aw
b 07 eh 100.0 0 0 0 20 0 0 0 0 0 0 0 0 eh
b 07 ei 100.0 0 0 20 0 0 0 0 0 0 0 0 0 ei
b 07 er 100.0 0 0 0 0 0 0 0 0 0 0 0 20 er
b 07 ih 95.0 0 19 1 0 0 0 0 0 0 0 0 0 ih
b 07 iy 100.0 20 0 0 0 0 0 0 0 0 0 0 0 iy
b 07 oa 55.0 0 0 0 0 0 1 1 11 4 0 0 3 oa
b 07 oo 95.0 0 0 0 0 0 0 0 0 19 0 1 0 oo
b 07 uh 90.0 0 0 0 0 0 0 1 0 0 0 18 1 uh
b 07 uw 100.0 0 0 0 0 0 0 0 0 0 20 0 0 uw
b 08 ae 70.0 0 0 0 6 14 0 0 0 0 0 0 0 ae
b 08 ah 100.0 0 0 0 0 0 20 0 0 0 0 0 0 ah
b 08 aw 95.0 0 0 0 0 0 1 19 0 0 0 0 0 aw
b 08 eh 90.0 0 2 0 18 0 0 0 0 0 0 0 0 eh
b 08 ei 100.0 0 0 20 0 0 0 0 0 0 0 0 0 ei
b 08 er 100.0 0 0 0 0 0 0 0 0 0 0 0 20 er
b 08 ih 100.0 0 20 0 0 0 0 0 0 0 0 0 0 ih
b 08 iy 100.0 20 0 0 0 0 0 0 0 0 0 0 0 iy
b 08 oa 100.0 0 0 0 0 0 0 0 20 0 0 0 0 oa
b 08 oo 100.0 0 0 0 0 0 0 0 0 20 0 0 0 oo
b 08 uh 85.0 0 0 0 0 0 2 1 0 0 0 17 0 uh
b 08 uw 100.0 0 0 0 0 0 0 0 0 0 20 0 0 uw
b 09 ae 95.0 0 0 0 0 19 1 0 0 0 0 0 0 ae
b 09 ah 95.0 0 0 0 0 0 19 1 0 0 0 0 0 ah
b 09 aw 95.0 0 0 0 0 0 1 19 0 0 0 0 0 aw
b 09 eh 95.0 0 0 0 19 1 0 0 0 0 0 0 0 eh
b 09 ei 100.0 0 0 20 0 0 0 0 0 0 0 0 0 ei
b 09 er 100.0 0 0 0 0 0 0 0 0 0 0 0 20 er
b 09 ih 100.0 0 20 0 0 0 0 0 0 0 0 0 0 ih
b 09 iy 100.0 20 0 0 0 0 0 0 0 0 0 0 0 iy
b 09 oa 100.0 0 0 0 0 0 0 0 20 0 0 0 0 oa
b 09 oo 100.0 0 0 0 0 0 0 0 0 20 0 0 0 oo
b 09 uh 90.0 0 0 0 0 0 0 0 0 2 0 18 0 uh
b 09 uw 100.0 0 0 0 0 0 0 0 0 0 20 0 0 uw
b 10 ae 100.0 0 0 0 0 20 0 0 0 0 0 0 0 ae
b 10 ah 100.0 0 0 0 0 0 20 0 0 0 0 0 0 ah
b 10 aw 100.0 0 0 0 0 0 0 20 0 0 0 0 0 aw
b 10 eh 90.0 0 0 0 18 2 0 0 0 0 0 0 0 eh
b 10 ei 95.0 0 0 19 1 0 0 0 0 0 0 0 0 ei
b 10 er 100.0 0 0 0 0 0 0 0 0 0 0 0 20 er
b 10 ih 80.0 0 16 2 2 0 0 0 0 0 0 0 0 ih
b 10 iy 100.0 20 0 0 0 0 0 0 0 0 0 0 0 iy
b 10 oa 100.0 0 0 0 0 0 0 0 20 0 0 0 0 oa
b 10 oo 80.0 0 0 0 0 0 0 0 0 16 1 1 2 oo
b 10 uh 45.0 0 0 0 0 0 0 1 0 10 0 9 0 oo
b 10 uw 90.0 0 0 0 0 0 0 0 0 2 18 0 0 uw
b 11 ae 95.0 0 0 0 0 19 1 0 0 0 0 0 0 ae
b 11 ah 100.0 0 0 0 0 0 20 0 0 0 0 0 0 ah
b 11 aw 95.0 0 0 0 0 0 1 19 0 0 0 0 0 aw
b 11 eh 90.0 0 0 0 18 1 0 0 0 0 0 1 0 eh
b 11 ei 100.0 0 0 20 0 0 0 0 0 0 0 0 0 ei
b 11 er 100.0 0 0 0 0 0 0 0 0 0 0 0 20 er
b 11 ih 95.0 0 19 0 1 0 0 0 0 0 0 0 0 ih
b 11 iy 100.0 20 0 0 0 0 0 0 0 0 0 0 0 iy
b 11 oa 100.0 0 0 0 0 0 0 0 20 0 0 0 0 oa
b 11 oo 95.0 0 0 0 0 0 0 0 0 19 1 0 0 oo
b 11 uh 100.0 0 0 0 0 0 0 0 0 0 0 20 0 uh
b 11 uw 65.0 0 0 0 0 0 0 0 0 7 13 0 0 uw
b 12 ae 95.0 0 0 0 1 19 0 0 0 0 0 0 0 ae
b 12 ah 100.0 0 0 0 0 0 20 0 0 0 0 0 0 ah
b 12 aw 25.0 0 0 0 0 0 7 5 0 0 0 8 0 uh
b 12 eh 100.0 0 0 0 20 0 0 0 0 0 0 0 0 eh
b 12 ei 100.0 0 0 20 0 0 0 0 0 0 0 0 0 ei
b 12 er 100.0 0 0 0 0 0 0 0 0 0 0 0 20 er
b 12 ih 100.0 0 20 0 0 0 0 0 0 0 0 0 0 ih
b 12 iy 100.0 20 0 0 0 0 0 0 0 0 0 0 0 iy
b 12 oa 100.0 0 0 0 0 0 0 0 20 0 0 0 0 oa
b 12 oo 95.0 0 0 0 0 0 0 0 0 19 0 1 0 oo
b 12 uh 85.0 0 0 0 0 0 1 2 0 0 0 17 0 uh
b 12 uw 95.0 0 0 0 0 0 0 0 0 1 19 0 0 uw
b 13 ae 100.0 0 0 0 0 20 0 0 0 0 0 0 0 ae
b 13 ah 100.0 0 0 0 0 0 20 0 0 0 0 0 0 ah
b 13 aw 90.0 0 0 0 0 0 2 18 0 0 0 0 0 aw
b 13 eh 95.0 0 0 0 19 1 0 0 0 0 0 0 0 eh
b 13 ei 100.0 0 0 20 0 0 0 0 0 0 0 0 0 ei
b 13 er 100.0 0 0 0 0 0 0 0 0 0 0 0 20 er
b 13 ih 95.0 0 19 0 1 0 0 0 0 0 0 0 0 ih
b 13 iy 100.0 20 0 0 0 0 0 0 0 0 0 0 0 iy
b 13 oa 100.0 0 0 0 0 0 0 0 20 0 0 0 0 oa
b 13 oo 100.0 0 0 0 0 0 0 0 0 20 0 0 0 oo
b 13 uh 85.0 0 0 0 0 0 0 0 0 3 0 17 0 uh
b 13 uw 100.0 0 0 0 0 0 0 0 0 0 20 0 0 uw
b 14 ae 95.0 0 0 0 0 19 1 0 0 0 0 0 0 ae
b 14 ah 95.0 0 0 0 0 0 19 1 0 0 0 0 0 ah
b 14 aw 70.0 0 0 0 0 0 4 14 0 0 0 1 1 aw
b 14 eh 100.0 0 0 0 20 0 0 0 0 0 0 0 0 eh
b 14 ei 100.0 0 0 20 0 0 0 0 0 0 0 0 0 ei
b 14 er 95.0 0 0 0 0 0 0 0 0 0 0 1 19 er
b 14 ih 95.0 0 19 0 1 0 0 0 0 0 0 0 0 ih
b 14 iy 100.0 20 0 0 0 0 0 0 0 0 0 0 0 iy
b 14 oa 95.0 0 0 1 0 0 0 0 19 0 0 0 0 oa
b 14 oo 100.0 0 0 0 0 0 0 0 0 20 0 0 0 oo
b 14 uh 90.0 0 0 0 0 0 1 0 0 1 0 18 0 uh
b 14 uw 100.0 0 0 0 0 0 0 0 0 0 20 0 0 uw
b 15 ae 95.0 0 0 0 1 19 0 0 0 0 0 0 0 ae
b 15 ah 85.0 0 0 0 1 0 17 0 0 1 0 1 0 ah
b 15 aw 95.0 0 0 0 0 0 1 19 0 0 0 0 0 aw
b 15 eh 100.0 0 0 0 20 0 0 0 0 0 0 0 0 eh
b 15 ei 100.0 0 0 20 0 0 0 0 0 0 0 0 0 ei
b 15 er 100.0 0 0 0 0 0 0 0 0 0 0 0 20 er
b 15 ih 100.0 0 20 0 0 0 0 0 0 0 0 0 0 ih
b 15 iy 100.0 20 0 0 0 0 0 0 0 0 0 0 0 iy
b 15 oa 100.0 0 0 0 0 0 0 0 20 0 0 0 0 oa
b 15 oo 90.0 0 0 0 0 0 0 0 0 18 2 0 0 oo
b 15 uh 25.0 0 0 0 0 0 0 0 4 11 0 5 0 oo
b 15 uw 100.0 0 0 0 0 0 0 0 0 0 20 0 0 uw
b 16 ae 100.0 0 0 0 0 20 0 0 0 0 0 0 0 ae
b 16 ah 55.0 0 0 0 0 0 11 9 0 0 0 0 0 ah
b 16 aw 90.0 0 0 0 0 0 1 18 0 0 0 1 0 aw
b 16 eh 100.0 0 0 0 20 0 0 0 0 0 0 0 0 eh
b 16 ei 100.0 0 0 20 0 0 0 0 0 0 0 0 0 ei
b 16 er 100.0 0 0 0 0 0 0 0 0 0 0 0 20 er
b 16 ih 100.0 0 20 0 0 0 0 0 0 0 0 0 0 ih
b 16 iy 100.0 20 0 0 0 0 0 0 0 0 0 0 0 iy
b 16 oa 100.0 0 0 0 0 0 0 0 20 0 0 0 0 oa
b 16 oo 90.0 0 0 0 0 0 0 0 0 18 0 1 1 oo
b 16 uh 100.0 0 0 0 0 0 0 0 0 0 0 20 0 uh
b 16 uw 100.0 0 0 0 0 0 0 0 0 0 20 0 0 uw
b 17 ae 100.0 0 0 0 0 20 0 0 0 0 0 0 0 ae
b 17 ah 95.0 1 0 0 0 0 19 0 0 0 0 0 0 ah
b 17 aw 80.0 0 0 0 0 0 4 16 0 0 0 0 0 aw
b 17 eh 90.0 0 0 0 18 0 1 0 0 0 0 1 0 eh
b 17 ei 90.0 0 2 18 0 0 0 0 0 0 0 0 0 ei
b 17 er 100.0 0 0 0 0 0 0 0 0 0 0 0 20 er
b 17 ih 100.0 0 20 0 0 0 0 0 0 0 0 0 0 ih
b 17 iy 100.0 20 0 0 0 0 0 0 0 0 0 0 0 iy
b 17 oa 100.0 0 0 0 0 0 0 0 20 0 0 0 0 oa
b 17 oo 95.0 0 0 0 0 0 0 0 0 19 0 1 0 oo
b 17 uh 65.0 0 0 0 0 0 0 0 0 7 0 13 0 uh
b 17 uw 90.0 0 0 0 0 0 0 0 0 2 18 0 0 uw
b 18 ae 100.0 0 0 0 0 20 0 0 0 0 0 0 0 ae
b 18 ah 95.0 0 0 0 0 0 19 0 1 0 0 0 0 ah
b 18 aw 80.0 0 0 0 0 0 4 16 0 0 0 0 0 aw
b 18 eh 95.0 0 0 0 19 0 0 0 0 0 0 1 0 eh
b 18 ei 100.0 0 0 20 0 0 0 0 0 0 0 0 0 ei
b 18 er 100.0 0 0 0 0 0 0 0 0 0 0 0 20 er
b 18 ih 90.0 0 18 1 1 0 0 0 0 0 0 0 0 ih
b 18 iy 100.0 20 0 0 0 0 0 0 0 0 0 0 0 iy
b 18 oa 100.0 0 0 0 0 0 0 0 20 0 0 0 0 oa
b 18 oo 100.0 0 0 0 0 0 0 0 0 20 0 0 0 oo
b 18 uh 100.0 0 0 0 0 0 0 0 0 0 0 20 0 uh
b 18 uw 100.0 0 0 0 0 0 0 0 0 0 20 0 0 uw
b 19 ae 100.0 0 0 0 0 20 0 0 0 0 0 0 0 ae
b 19 ah 55.0 0 0 0 0 9 11 0 0 0 0 0 0 ah
b 19 aw 55.0 0 0 0 0 0 9 11 0 0 0 0 0 aw
b 19 eh 95.0 0 1 0 19 0 0 0 0 0 0 0 0 eh
b 19 ei 100.0 0 0 20 0 0 0 0 0 0 0 0 0 ei
b 19 er 100.0 0 0 0 0 0 0 0 0 0 0 0 20 er
b 19 ih 90.0 0 18 0 2 0 0 0 0 0 0 0 0 ih
b 19 iy 100.0 20 0 0 0 0 0 0 0 0 0 0 0 iy
b 19 oa 100.0 0 0 0 0 0 0 0 20 0 0 0 0 oa
b 19 oo 90.0 0 0 0 0 0 0 0 0 18 1 1 0 oo
b 19 uh 100.0 0 0 0 0 0 0 0 0 0 0 20 0 uh
b 19 uw 100.0 0 0 0 0 0 0 0 0 0 20 0 0 uw
b 21 ae 100.0 0 0 0 0 20 0 0 0 0 0 0 0 ae
b 21 ah 100.0 0 0 0 0 0 20 0 0 0 0 0 0 ah
b 21 aw 80.0 0 0 0 0 0 4 16 0 0 0 0 0 aw
b 21 eh 100.0 0 0 0 20 0 0 0 0 0 0 0 0 eh
b 21 ei 100.0 0 0 20 0 0 0 0 0 0 0 0 0 ei
b 21 er 100.0 0 0 0 0 0 0 0 0 0 0 0 20 er
b 21 ih 100.0 0 20 0 0 0 0 0 0 0 0 0 0 ih
b 21 iy 100.0 20 0 0 0 0 0 0 0 0 0 0 0 iy
b 21 oa 100.0 0 0 0 0 0 0 0 20 0 0 0 0 oa
b 21 oo 95.0 0 0 0 0 0 0 0 0 19 0 0 1 oo
b 21 uh 85.0 0 0 0 0 0 1 0 0 2 0 17 0 uh
b 21 uw 100.0 0 0 0 0 0 0 0 0 0 20 0 0 uw
b 22 ae 100.0 0 0 0 0 20 0 0 0 0 0 0 0 ae
b 22 ah 85.0 0 0 0 0 0 17 2 0 0 0 1 0 ah
b 22 aw 30.0 0 0 0 0 0 0 6 0 0 0 14 0 uh
b 22 eh 100.0 0 0 0 20 0 0 0 0 0 0 0 0 eh
b 22 ei 100.0 0 0 20 0 0 0 0 0 0 0 0 0 ei
b 22 er 100.0 0 0 0 0 0 0 0 0 0 0 0 20 er
b 22 ih 100.0 0 20 0 0 0 0 0 0 0 0 0 0 ih
b 22 iy 100.0 20 0 0 0 0 0 0 0 0 0 0 0 iy
b 22 oa 100.0 0 0 0 0 0 0 0 20 0 0 0 0 oa
b 22 oo 95.0 0 0 0 0 0 0 0 0 19 0 1 0 oo
b 22 uh 100.0 0 0 0 0 0 0 0 0 0 0 20 0 uh
b 22 uw 95.0 0 0 0 0 0 0 0 0 1 19 0 0 uw
b 23 ae 100.0 0 0 0 0 20 0 0 0 0 0 0 0 ae
b 23 ah 90.0 0 0 0 0 0 18 2 0 0 0 0 0 ah
b 23 aw 100.0 0 0 0 0 0 0 20 0 0 0 0 0 aw
b 23 eh 100.0 0 0 0 20 0 0 0 0 0 0 0 0 eh
b 23 ei 100.0 0 0 20 0 0 0 0 0 0 0 0 0 ei
b 23 er 100.0 0 0 0 0 0 0 0 0 0 0 0 20 er
b 23 ih 100.0 0 20 0 0 0 0 0 0 0 0 0 0 ih
b 23 iy 100.0 20 0 0 0 0 0 0 0 0 0 0 0 iy
b 23 oa 100.0 0 0 0 0 0 0 0 20 0 0 0 0 oa
b 23 oo 100.0 0 0 0 0 0 0 0 0 20 0 0 0 oo
b 23 uh 95.0 0 0 0 0 0 0 1 0 0 0 19 0 uh
b 23 uw 100.0 0 0 0 0 0 0 0 0 0 20 0 0 uw
b 24 ae 90.0 0 0 0 2 18 0 0 0 0 0 0 0 ae
b 24 ah 85.0 0 0 0 0 0 17 3 0 0 0 0 0 ah
b 24 aw 90.0 0 0 0 0 0 2 18 0 0 0 0 0 aw
b 24 eh 100.0 0 0 0 20 0 0 0 0 0 0 0 0 eh
b 24 ei 100.0 0 0 20 0 0 0 0 0 0 0 0 0 ei
b 24 er 100.0 0 0 0 0 0 0 0 0 0 0 0 20 er
b 24 ih 100.0 0 20 0 0 0 0 0 0 0 0 0 0 ih
b 24 iy 100.0 20 0 0 0 0 0 0 0 0 0 0 0 iy
b 24 oa 100.0 0 0 0 0 0 0 0 20 0 0 0 0 oa
b 24 oo 100.0 0 0 0 0 0 0 0 0 20 0 0 0 oo
b 24 uh 100.0 0 0 0 0 0 0 0 0 0 0 20 0 uh
b 24 uw 100.0 0 0 0 0 0 0 0 0 0 20 0 0 uw
b 25 ae 95.0 0 0 0 1 19 0 0 0 0 0 0 0 ae
b 25 ah 95.0 0 0 0 0 0 19 0 0 0 0 1 0 ah
b 25 aw 100.0 0 0 0 0 0 0 20 0 0 0 0 0 aw
b 25 eh 90.0 0 0 0 18 2 0 0 0 0 0 0 0 eh
b 25 ei 100.0 0 0 20 0 0 0 0 0 0 0 0 0 ei
b 25 er 100.0 0 0 0 0 0 0 0 0 0 0 0 20 er
b 25 ih 100.0 0 20 0 0 0 0 0 0 0 0 0 0 ih
b 25 iy 100.0 20 0 0 0 0 0 0 0 0 0 0 0 iy
b 25 oa 100.0 0 0 0 0 0 0 0 20 0 0 0 0 oa
b 25 oo 100.0 0 0 0 0 0 0 0 0 20 0 0 0 oo
b 25 uh 100.0 0 0 0 0 0 0 0 0 0 0 20 0 uh
b 25 uw 100.0 0 0 0 0 0 0 0 0 0 20 0 0 uw
b 26 ae 100.0 0 0 0 0 20 0 0 0 0 0 0 0 ae
b 26 ah 55.0 0 0 0 0 0 11 9 0 0 0 0 0 ah
b 26 aw 70.0 0 0 0 0 0 3 14 0 0 0 3 0 aw
b 26 eh 100.0 0 0 0 20 0 0 0 0 0 0 0 0 eh
b 26 ei 100.0 0 0 20 0 0 0 0 0 0 0 0 0 ei
b 26 er 100.0 0 0 0 0 0 0 0 0 0 0 0 20 er
b 26 ih 95.0 0 19 0 1 0 0 0 0 0 0 0 0 ih
b 26 iy 100.0 20 0 0 0 0 0 0 0 0 0 0 0 iy
b 26 oa 100.0 0 0 0 0 0 0 0 20 0 0 0 0 oa
b 26 oo 100.0 0 0 0 0 0 0 0 0 20 0 0 0 oo
b 26 uh 95.0 0 0 0 0 0 0 1 0 0 0 19 0 uh
b 26 uw 100.0 0 0 0 0 0 0 0 0 0 20 0 0 uw
b 27 ae 80.0 0 0 0 4 16 0 0 0 0 0 0 0 ae
b 27 ah 100.0 0 0 0 0 0 20 0 0 0 0 0 0 ah
b 27 aw 80.0 0 0 1 0 0 3 16 0 0 0 0 0 aw
b 27 eh 100.0 0 0 0 20 0 0 0 0 0 0 0 0 eh
b 27 ei 100.0 0 0 20 0 0 0 0 0 0 0 0 0 ei
b 27 er 100.0 0 0 0 0 0 0 0 0 0 0 0 20 er
b 27 ih 100.0 0 20 0 0 0 0 0 0 0 0 0 0 ih
b 27 iy 100.0 20 0 0 0 0 0 0 0 0 0 0 0 iy
b 27 oa 100.0 0 0 0 0 0 0 0 20 0 0 0 0 oa
b 27 oo 100.0 0 0 0 0 0 0 0 0 20 0 0 0 oo
b 27 uh 95.0 0 0 0 0 0 1 0 0 0 0 19 0 uh
b 27 uw 100.0 0 0 0 0 0 0 0 0 0 20 0 0 uw
b 28 ae 100.0 0 0 0 0 20 0 0 0 0 0 0 0 ae
b 28 ah 75.0 0 0 0 0 0 15 5 0 0 0 0 0 ah
b 28 aw 100.0 0 0 0 0 0 0 20 0 0 0 0 0 aw
b 28 eh 95.0 0 1 0 19 0 0 0 0 0 0 0 0 eh
b 28 ei 100.0 0 0 20 0 0 0 0 0 0 0 0 0 ei
b 28 er 100.0 0 0 0 0 0 0 0 0 0 0 0 20 er
b 28 ih 100.0 0 20 0 0 0 0 0 0 0 0 0 0 ih
b 28 iy 100.0 20 0 0 0 0 0 0 0 0 0 0 0 iy
b 28 oa 100.0 0 0 0 0 0 0 0 20 0 0 0 0 oa
b 28 oo 100.0 0 0 0 0 0 0 0 0 20 0 0 0 oo
b 28 uh 100.0 0 0 0 0 0 0 0 0 0 0 20 0 uh
b 28 uw 100.0 0 0 0 0 0 0 0 0 0 20 0 0 uw
b 29 ae 100.0 0 0 0 0 20 0 0 0 0 0 0 0 ae
b 29 ah 100.0 0 0 0 0 0 20 0 0 0 0 0 0 ah
b 29 aw 45.0 0 0 0 0 0 11 9 0 0 0 0 0 ah
b 29 eh 100.0 0 0 0 20 0 0 0 0 0 0 0 0 eh
b 29 ei 100.0 0 0 20 0 0 0 0 0 0 0 0 0 ei
b 29 er 100.0 0 0 0 0 0 0 0 0 0 0 0 20 er
b 29 ih 90.0 0 18 0 2 0 0 0 0 0 0 0 0 ih
b 29 iy 100.0 20 0 0 0 0 0 0 0 0 0 0 0 iy
b 29 oa 100.0 0 0 0 0 0 0 0 20 0 0 0 0 oa
b 29 oo 90.0 0 0 0 0 0 0 0 0 18 0 2 0 oo
b 29 uh 95.0 0 0 0 0 0 0 0 0 1 0 19 0 uh
b 29 uw 90.0 0 0 0 0 0 0 0 0 2 18 0 0 uw
g 01 ae 100.0 0 0 0 0 20 0 0 0 0 0 0 0 ae
g 01 ah 100.0 0 0 0 0 0 20 0 0 0 0 0 0 ah
g 01 aw 80.0 0 0 0 0 0 4 16 0 0 0 0 0 aw
g 01 eh 100.0 0 0 0 20 0 0 0 0 0 0 0 0 eh
g 01 ei 90.0 2 0 18 0 0 0 0 0 0 0 0 0 ei
g 01 er 100.0 0 0 0 0 0 0 0 0 0 0 0 20 er
g 01 ih 100.0 0 20 0 0 0 0 0 0 0 0 0 0 ih
g 01 iy 100.0 20 0 0 0 0 0 0 0 0 0 0 0 iy
g 01 oa 100.0 0 0 0 0 0 0 0 20 0 0 0 0 oa
g 01 oo 100.0 0 0 0 0 0 0 0 0 20 0 0 0 oo
g 01 uh 100.0 0 0 0 0 0 0 0 0 0 0 20 0 uh
g 01 uw 100.0 0 0 0 0 0 0 0 0 0 20 0 0 uw
g 02 ae 100.0 0 0 0 0 20 0 0 0 0 0 0 0 ae
g 02 ah 95.0 0 0 0 0 1 19 0 0 0 0 0 0 ah
g 02 aw 55.0 0 0 0 0 0 7 11 0 1 0 1 0 aw
g 02 eh 100.0 0 0 0 20 0 0 0 0 0 0 0 0 eh
g 02 ei 100.0 0 0 20 0 0 0 0 0 0 0 0 0 ei
g 02 er 100.0 0 0 0 0 0 0 0 0 0 0 0 20 er
g 02 ih 95.0 0 19 0 1 0 0 0 0 0 0 0 0 ih
g 02 iy 100.0 20 0 0 0 0 0 0 0 0 0 0 0 iy
g 02 oa 95.0 0 0 0 1 0 0 0 19 0 0 0 0 oa
g 02 oo 95.0 0 0 0 0 0 0 0 0 19 0 1 0 oo
g 02 uh 90.0 0 0 0 0 0 2 0 0 0 0 18 0 uh
g 02 uw 100.0 0 0 0 0 0 0 0 0 0 20 0 0 uw
g 04 ae 100.0 0 0 0 0 20 0 0 0 0 0 0 0 ae
g 04 ah 95.0 0 0 0 0 0 19 0 1 0 0 0 0 ah
g 04 aw 95.0 0 0 0 0 0 1 19 0 0 0 0 0 aw
g 04 eh 100.0 0 0 0 20 0 0 0 0 0 0 0 0 eh
g 04 ei 100.0 0 0 20 0 0 0 0 0 0 0 0 0 ei
g 04 er 100.0 0 0 0 0 0 0 0 0 0 0 0 20 er
g 04 ih 100.0 0 20 0 0 0 0 0 0 0 0 0 0 ih
g 04 iy 100.0 20 0 0 0 0 0 0 0 0 0 0 0 iy
g 04 oa 95.0 0 0 0 0 0 0 0 19 0 1 0 0 oa
g 04 oo 100.0 0 0 0 0 0 0 0 0 20 0 0 0 oo
g 04 uh 90.0 0 0 0 0 0 0 0 0 2 0 18 0 uh
g 04 uw 95.0 0 0 0 0 0 0 0 0 1 19 0 0 uw
g 05 ae 100.0 0 0 0 0 20 0 0 0 0 0 0 0 ae
g 05 ah 100.0 0 0 0 0 0 20 0 0 0 0 0 0 ah
g 05 aw 60.0 0 0 0 0 0 8 12 0 0 0 0 0 aw
g 05 eh 95.0 0 0 0 19 1 0 0 0 0 0 0 0 eh
g 05 ei 95.0 0 0 19 0 1 0 0 0 0 0 0 0 ei
g 05 er 70.0 0 0 1 0 0 0 0 0 3 0 2 14 er
g 05 ih 90.0 0 18 0 2 0 0 0 0 0 0 0 0 ih
g 05 iy 100.0 20 0 0 0 0 0 0 0 0 0 0 0 iy
g 05 oa 100.0 0 0 0 0 0 0 0 20 0 0 0 0 oa
g 05 oo 100.0 0 0 0 0 0 0 0 0 20 0 0 0 oo
g 05 uh 55.0 0 0 0 0 0 7 2 0 0 0 11 0 uh
g 05 uw 75.0 0 0 0 0 0 0 0 0 5 15 0 0 uw
g 06 ae 100.0 0 0 0 0 20 0 0 0 0 0 0 0 ae
g 06 ah 100.0 0 0 0 0 0 20 0 0 0 0 0 0 ah
g 06 aw 95.0 0 0 0 0 0 1 19 0 0 0 0 0 aw
g 06 eh 100.0 0 0 0 20 0 0 0 0 0 0 0 0 eh
g 06 ei 100.0 0 0 20 0 0 0 0 0 0 0 0 0 ei
g 06 er 100.0 0 0 0 0 0 0 0 0 0 0 0 20 er
g 06 ih 100.0 0 20 0 0 0 0 0 0 0 0 0 0 ih
g 06 iy 100.0 20 0 0 0 0 0 0 0 0 0 0 0 iy
g 06 oa 100.0 0 0 0 0 0 0 0 20 0 0 0 0 oa
g 06 oo 100.0 0 0 0 0 0 0 0 0 20 0 0 0 oo
g 06 uh 90.0 0 0 0 0 0 2 0 0 0 0 18 0 uh
g 06 uw 100.0 0 0 0 0 0 0 0 0 0 20 0 0 uw
g 07 ae 85.0 0 0 0 3 17 0 0 0 0 0 0 0 ae
g 07 ah 95.0 0 0 0 0 0 19 1 0 0 0 0 0 ah
g 07 aw 40.0 0 0 0 0 0 11 8 0 0 0 1 0 ah
g 07 eh 80.0 0 4 0 16 0 0 0 0 0 0 0 0 eh
g 07 ei 100.0 0 0 20 0 0 0 0 0 0 0 0 0 ei
g 07 er 100.0 0 0 0 0 0 0 0 0 0 0 0 20 er
g 07 ih 95.0 0 19 0 1 0 0 0 0 0 0 0 0 ih
g 07 iy 100.0 20 0 0 0 0 0 0 0 0 0 0 0 iy
g 07 oa 100.0 0 0 0 0 0 0 0 20 0 0 0 0 oa
g 07 oo 95.0 0 0 0 0 0 0 0 0 19 0 0 1 oo
g 07 uh 90.0 0 0 0 0 0 0 0 0 2 0 18 0 uh
g 07 uw 100.0 0 0 0 0 0 0 0 0 0 20 0 0 uw
g 08 ae 85.0 0 0 0 3 17 0 0 0 0 0 0 0 ae
g 08 ah 90.0 0 0 0 0 2 18 0 0 0 0 0 0 ah
g 08 aw 80.0 0 0 0 0 0 2 16 0 0 0 1 1 aw
g 08 eh 100.0 0 0 0 20 0 0 0 0 0 0 0 0 eh
g 08 ei 100.0 0 0 20 0 0 0 0 0 0 0 0 0 ei
g 08 er 95.0 0 0 0 0 0 0 0 0 0 0 1 19 er
g 08 ih 100.0 0 20 0 0 0 0 0 0 0 0 0 0 ih
g 08 iy 100.0 20 0 0 0 0 0 0 0 0 0 0 0 iy
g 08 oa 100.0 0 0 0 0 0 0 0 20 0 0 0 0 oa
g 08 oo 85.0 0 0 0 0 0 1 0 0 17 0 1 1 oo
g 08 uh 70.0 0 0 0 0 0 1 4 0 1 0 14 0 uh
g 08 uw 95.0 0 0 0 0 0 0 0 1 0 19 0 0 uw
g 09 ae 100.0 0 0 0 0 20 0 0 0 0 0 0 0 ae
g 09 ah 100.0 0 0 0 0 0 20 0 0 0 0 0 0 ah
g 09 aw 80.0 0 0 0 0 0 4 16 0 0 0 0 0 aw
g 09 eh 85.0 0 0 0 17 3 0 0 0 0 0 0 0 eh
g 09 ei 100.0 0 0 20 0 0 0 0 0 0 0 0 0 ei
g 09 er 100.0 0 0 0 0 0 0 0 0 0 0 0 20 er
g 09 ih 100.0 0 20 0 0 0 0 0 0 0 0 0 0 ih
g 09 iy 100.0 20 0 0 0 0 0 0 0 0 0 0 0 iy
g 09 oa 75.0 0 0 0 0 0 0 0 15 2 3 0 0 oa
g 09 oo 100.0 0 0 0 0 0 0 0 0 20 0 0 0 oo
g 09 uh 90.0 0 0 0 0 0 0 0 0 2 0 18 0 uh
g 09 uw 100.0 0 0 0 0 0 0 0 0 0 20 0 0 uw
g 10 ae 100.0 0 0 0 0 20 0 0 0 0 0 0 0 ae
g 10 ah 100.0 0 0 0 0 0 20 0 0 0 0 0 0 ah
g 10 aw 85.0 0 0 0 0 0 3 17 0 0 0 0 0 aw
g 10 eh 95.0 0 0 0 19 1 0 0 0 0 0 0 0 eh
g 10 ei 90.0 0 0 18 1 0 0 1 0 0 0 0 0 ei
g 10 er 100.0 0 0 0 0 0 0 0 0 0 0 0 20 er
g 10 ih 90.0 0 18 0 2 0 0 0 0 0 0 0 0 ih
g 10 iy 100.0 20 0 0 0 0 0 0 0 0 0 0 0 iy
g 10 oa 100.0 0 0 0 0 0 0 0 20 0 0 0 0 oa
g 10 oo 100.0 0 0 0 0 0 0 0 0 20 0 0 0 oo
g 10 uh 95.0 0 0 0 0 0 0 1 0 0 0 19 0 uh
g 10 uw 100.0 0 0 0 0 0 0 0 0 0 20 0 0 uw
g 11 ae 100.0 0 0 0 0 20 0 0 0 0 0 0 0 ae
g 11 ah 95.0 0 0 0 0 0 19 1 0 0 0 0 0 ah
g 11 aw 45.0 0 0 0 0 1 10 9 0 0 0 0 0 ah
g 11 eh 100.0 0 0 0 20 0 0 0 0 0 0 0 0 eh
g 11 ei 100.0 0 0 20 0 0 0 0 0 0 0 0 0 ei
g 11 er 100.0 0 0 0 0 0 0 0 0 0 0 0 20 er
g 11 ih 90.0 0 18 1 1 0 0 0 0 0 0 0 0 ih
g 11 iy 100.0 20 0 0 0 0 0 0 0 0 0 0 0 iy
g 11 oa 100.0 0 0 0 0 0 0 0 20 0 0 0 0 oa
g 11 oo 100.0 0 0 0 0 0 0 0 0 20 0 0 0 oo
g 11 uh 95.0 1 0 0 0 0 0 0 0 0 0 19 0 uh
g 11 uw 95.0 0 0 0 0 0 0 0 0 1 19 0 0 uw
g 12 ae 100.0 0 0 0 0 20 0 0 0 0 0 0 0 ae
g 12 ah 100.0 0 0 0 0 0 20 0 0 0 0 0 0 ah
g 12 aw 80.0 0 0 0 0 0 4 16 0 0 0 0 0 aw
g 12 eh 100.0 0 0 0 19 0 0 0 0 0 0 0 0 eh
g 12 ei 100.0 0 0 20 0 0 0 0 0 0 0 0 0 ei
g 12 er 100.0 0 0 0 0 0 0 0 0 0 0 0 20 er
g 12 ih 100.0 0 20 0 0 0 0 0 0 0 0 0 0 ih
g 12 iy 100.0 20 0 0 0 0 0 0 0 0 0 0 0 iy
g 12 oa 80.0 0 0 0 0 0 0 0 16 3 0 0 1 oa
g 12 oo 100.0 0 0 0 0 0 0 0 0 20 0 0 0 oo
g 12 uh 95.0 0 0 0 0 0 0 0 0 1 0 19 0 uh
g 12 uw 80.0 0 0 0 0 0 0 0 1 3 16 0 0 uw
g 13 ae 100.0 0 0 0 0 20 0 0 0 0 0 0 0 ae
g 13 ah 90.0 0 0 0 0 0 18 0 0 0 0 2 0 ah
g 13 aw 95.0 0 0 0 0 0 0 19 0 0 0 1 0 aw
g 13 eh 100.0 0 0 0 20 0 0 0 0 0 0 0 0 eh
g 13 ei 100.0 0 0 20 0 0 0 0 0 0 0 0 0 ei
g 13 er 95.0 0 0 0 0 0 0 0 0 1 0 0 19 er
g 13 ih 100.0 0 20 0 0 0 0 0 0 0 0 0 0 ih
g 13 iy 100.0 20 0 0 0 0 0 0 0 0 0 0 0 iy
g 13 oa 100.0 0 0 0 0 0 0 0 20 0 0 0 0 oa
g 13 oo 100.0 0 0 0 0 0 0 0 0 20 0 0 0 oo
g 13 uh 100.0 0 0 0 0 0 0 0 0 0 0 20 0 uh
g 13 uw 100.0 0 0 0 0 0 0 0 0 0 20 0 0 uw
g 14 ae 90.0 0 0 0 2 18 0 0 0 0 0 0 0 ae
g 14 ah 50.0 0 0 0 0 0 10 9 0 0 0 1 0 ah
g 14 aw 100.0 0 0 0 0 0 0 20 0 0 0 0 0 aw
g 14 eh 35.0 0 13 0 7 0 0 0 0 0 0 0 0 ih
g 14 ei 100.0 0 0 20 0 0 0 0 0 0 0 0 0 ei
g 14 er 100.0 0 0 0 0 0 0 0 0 0 0 0 20 er
g 14 ih 90.0 0 18 0 1 0 0 0 0 0 1 0 0 ih
g 14 iy 100.0 20 0 0 0 0 0 0 0 0 0 0 0 iy
g 14 oa 100.0 0 0 0 0 0 0 0 20 0 0 0 0 oa
g 14 oo 45.0 0 0 0 0 0 0 0 0 9 11 0 0 uw
g 14 uh 85.0 0 0 0 0 0 0 0 0 3 0 17 0 uh
g 14 uw 85.0 0 0 0 0 0 0 0 1 2 17 0 0 uw
g 15 ae 100.0 0 0 0 0 20 0 0 0 0 0 0 0 ae
g 15 ah 100.0 0 0 0 0 0 20 0 0 0 0 0 0 ah
g 15 aw 90.0 0 0 0 0 0 2 18 0 0 0 0 0 aw
g 15 eh 100.0 0 0 0 20 0 0 0 0 0 0 0 0 eh
g 15 ei 100.0 0 0 20 0 0 0 0 0 0 0 0 0 ei
g 15 er 100.0 0 0 0 0 0 0 0 0 0 0 0 20 er
g 15 ih 100.0 0 20 0 0 0 0 0 0 0 0 0 0 ih
g 15 iy 100.0 20 0 0 0 0 0 0 0 0 0 0 0 iy
g 15 oa 100.0 0 0 0 0 0 0 0 20 0 0 0 0 oa
g 15 oo 95.0 0 0 0 0 0 0 0 0 19 1 0 0 oo
g 15 uh 90.0 0 0 0 0 0 1 0 0 1 0 18 0 uh
g 15 uw 95.0 0 0 0 0 0 0 0 0 1 19 0 0 uw
g 17 ae 95.0 0 0 0 1 19 0 0 0 0 0 0 0 ae
g 17 ah 90.0 0 0 0 0 0 18 1 0 0 0 1 0 ah
g 17 aw 95.0 0 0 0 0 0 0 19 0 0 0 1 0 aw
g 17 eh 95.0 0 0 0 19 1 0 0 0 0 0 0 0 eh
g 17 ei 85.0 0 3 17 0 0 0 0 0 0 0 0 0 ei
g 17 er 100.0 0 0 0 0 0 0 0 0 0 0 0 20 er
g 17 ih 100.0 0 20 0 0 0 0 0 0 0 0 0 0 ih
g 17 iy 100.0 20 0 0 0 0 0 0 0 0 0 0 0 iy
g 17 oa 100.0 0 0 0 0 0 0 0 20 0 0 0 0 oa
g 17 oo 90.0 0 0 0 0 0 0 0 0 18 1 1 0 oo
g 17 uh 95.0 0 0 0 0 1 0 0 0 0 0 19 0 uh
g 17 uw 75.0 0 4 0 0 0 0 0 0 1 15 0 0 uw
g 18 ae 100.0 0 0 0 0 20 0 0 0 0 0 0 0 ae
g 18 ah 95.0 0 0 0 0 0 19 1 0 0 0 0 0 ah
g 18 aw 75.0 0 0 0 0 0 5 15 0 0 0 0 0 aw
g 18 eh 70.0 0 0 0 14 6 0 0 0 0 0 0 0 eh
g 18 ei 100.0 0 0 20 0 0 0 0 0 0 0 0 0 ei
g 18 er 100.0 0 0 0 0 0 0 0 0 0 0 0 20 er
g 18 ih 95.0 0 19 0 1 0 0 0 0 0 0 0 0 ih
g 18 iy 100.0 20 0 0 0 0 0 0 0 0 0 0 0 iy
g 18 oa 100.0 0 0 0 0 0 0 0 20 0 0 0 0 oa
g 18 oo 85.0 0 0 0 0 0 0 0 0 17 0 3 0 oo
g 18 uh 100.0 0 0 0 0 0 0 0 0 0 0 20 0 uh
g 18 uw 100.0 0 0 0 0 0 0 0 0 0 20 0 0 uw
g 19 ae 100.0 0 0 0 0 20 0 0 0 0 0 0 0 ae
g 19 ah 75.0 0 0 0 0 4 15 0 0 1 0 0 0 ah
g 19 aw 65.0 0 0 0 1 0 6 13 0 0 0 0 0 aw
g 19 eh 100.0 0 0 0 20 0 0 0 0 0 0 0 0 eh
g 19 ei 100.0 0 0 20 0 0 0 0 0 0 0 0 0 ei
g 19 er 95.0 0 0 0 1 0 0 0 0 0 0 0 19 er
g 19 ih 85.0 0 17 0 3 0 0 0 0 0 0 0 0 ih
g 19 iy 100.0 20 0 0 0 0 0 0 0 0 0 0 0 iy
g 19 oa 95.0 0 0 0 0 0 0 0 19 0 0 0 1 oa
g 19 oo 75.0 0 0 0 0 0 0 0 0 15 0 5 0 oo
g 19 uh 85.0 0 0 0 0 0 3 0 0 0 0 17 0 uh
g 19 uw 90.0 0 0 0 0 0 0 0 0 2 18 0 0 uw
g 20 ae 95.0 0 0 0 0 19 0 1 0 0 0 0 0 ae
g 20 ah 100.0 0 0 0 0 0 20 0 0 0 0 0 0 ah
g 20 aw 100.0 0 0 0 0 0 0 20 0 0 0 0 0 aw
g 20 eh 95.0 0 0 0 19 1 0 0 0 0 0 0 0 eh
g 20 ei 95.0 0 0 19 1 0 0 0 0 0 0 0 0 ei
g 20 er 100.0 0 0 0 0 0 0 0 0 0 0 0 20 er
g 20 ih 100.0 0 20 0 0 0 0 0 0 0 0 0 0 ih
g 20 iy 100.0 20 0 0 0 0 0 0 0 0 0 0 0 iy
g 20 oa 100.0 0 0 0 0 0 0 0 20 0 0 0 0 oa
g 20 oo 100.0 0 0 0 0 0 0 0 0 20 0 0 0 oo
g 20 uh 100.0 0 0 0 0 0 0 0 0 0 0 20 0 uh
g 20 uw 95.0 0 0 0 0 0 0 0 0 1 19 0 0 uw
g 21 ae 100.0 0 0 0 0 20 0 0 0 0 0 0 0 ae
g 21 ah 95.0 0 0 0 0 0 19 1 0 0 0 0 0 ah
g 21 aw 30.0 0 0 0 0 0 8 6 0 0 0 6 0 ah
g 21 eh 100.0 0 0 0 20 0 0 0 0 0 0 0 0 eh
g 21 ei 100.0 0 0 20 0 0 0 0 0 0 0 0 0 ei
g 21 er 100.0 0 0 0 0 0 0 0 0 0 0 0 20 er
g 21 ih 100.0 0 20 0 0 0 0 0 0 0 0 0 0 ih
g 21 iy 100.0 20 0 0 0 0 0 0 0 0 0 0 0 iy
g 21 oa 100.0 0 0 0 0 0 0 0 20 0 0 0 0 oa
g 21 oo 100.0 0 0 0 0 0 0 0 0 20 0 0 0 oo
g 21 uh 90.0 0 0 0 0 0 0 0 0 2 0 18 0 uh
g 21 uw 95.0 0 0 0 0 0 0 0 0 1 19 0 0 uw
